Furtree_Big_01.spt
Leaves
0.4925, 0.24625, 0.0075, 0.24625, 0.0075, 0.00375, 0.4925, 0.00375
Fronds
0.4925, 0.24625, 0.0075, 0.24625, 0.0075, 0.00375, 0.4925, 0.00375
Billboards
0.524819, 0.403906, 0.298423, 0.403906, 0.298423, 0.252344, 0.524819, 0.252344
0.758218, 0.403906, 0.531821, 0.403906, 0.531821, 0.252344, 0.758218, 0.252344
0.979897, 0.153906, 0.753501, 0.153906, 0.753501, 0.00234375, 0.979897, 0.00234375
0.229897, 0.560645, 0.00350098, 0.560645, 0.00350098, 0.409082, 0.229897, 0.409082
0.463296, 0.560645, 0.236899, 0.560645, 0.236899, 0.409082, 0.463296, 0.409082
0.991616, 0.403906, 0.76522, 0.403906, 0.76522, 0.252344, 0.991616, 0.252344
Furtree_Big_02.spt
Leaves
0.4925, 0.24625, 0.0075, 0.24625, 0.0075, 0.00375, 0.4925, 0.00375
Fronds
0.4925, 0.24625, 0.0075, 0.24625, 0.0075, 0.00375, 0.4925, 0.00375
0.74625, 0.24625, 0.50375, 0.24625, 0.50375, 0.00375, 0.74625, 0.00375
Billboards
0.662065, 0.560645, 0.469771, 0.560645, 0.469771, 0.409082, 0.662065, 0.409082
0.860308, 0.560645, 0.668013, 0.560645, 0.668013, 0.409082, 0.860308, 0.409082
0.195269, 0.716895, 0.00297363, 0.716895, 0.00297363, 0.565332, 0.195269, 0.565332
0.393511, 0.716895, 0.201216, 0.716895, 0.201216, 0.565332, 0.393511, 0.565332
0.591753, 0.716895, 0.399458, 0.716895, 0.399458, 0.565332, 0.591753, 0.565332
0.789995, 0.716895, 0.5977, 0.716895, 0.5977, 0.565332, 0.789995, 0.565332
Furtree_Big_03.spt
Leaves
0.4925, 0.24625, 0.0075, 0.24625, 0.0075, 0.00375, 0.4925, 0.00375
Fronds
0.74625, 0.24625, 0.50375, 0.24625, 0.50375, 0.00375, 0.74625, 0.00375
0.4925, 0.24625, 0.0075, 0.24625, 0.0075, 0.00375, 0.4925, 0.00375
Billboards
0.866533, 0.873145, 0.69792, 0.873145, 0.69792, 0.721582, 0.866533, 0.721582
0.692705, 0.873145, 0.524092, 0.873145, 0.524092, 0.721582, 0.692705, 0.721582
0.518877, 0.873145, 0.350264, 0.873145, 0.350264, 0.721582, 0.518877, 0.721582
0.345049, 0.873145, 0.176436, 0.873145, 0.176436, 0.721582, 0.345049, 0.721582
0.171221, 0.873145, 0.00260742, 0.873145, 0.00260742, 0.721582, 0.171221, 0.721582
0.964189, 0.716895, 0.795576, 0.716895, 0.795576, 0.565332, 0.964189, 0.565332
Furtree_Small_01.spt
Leaves
0.4925, 0.24625, 0.0075, 0.24625, 0.0075, 0.00375, 0.4925, 0.00375
Fronds
0.290498, 0.404387, 0.00442383, 0.404387, 0.00442383, 0.252351, 0.290498, 0.252351
Billboards
0.974951, 0.822947, 0.870752, 0.822947, 0.870752, 0.772268, 0.974951, 0.772268
0.320654, 0.926951, 0.216455, 0.926951, 0.216455, 0.876272, 0.320654, 0.876272
0.213232, 0.926951, 0.109033, 0.926951, 0.109033, 0.876272, 0.213232, 0.876272
0.105811, 0.926951, 0.00161133, 0.926951, 0.00161133, 0.876272, 0.105811, 0.876272
0.974951, 0.770701, 0.870752, 0.770701, 0.870752, 0.720022, 0.974951, 0.720022
Furtree_Small_01_01.spt
Leaves
0.4925, 0.24625, 0.0075, 0.24625, 0.0075, 0.00375, 0.4925, 0.00375
Fronds
0.290498, 0.404387, 0.00442383, 0.404387, 0.00442383, 0.252351, 0.290498, 0.252351
0.74625, 0.24625, 0.50375, 0.24625, 0.50375, 0.00375, 0.74625, 0.00375
Billboards
0.421343, 0.933203, 0.323774, 0.933203, 0.323774, 0.876367, 0.421343, 0.876367
0.521929, 0.933203, 0.42436, 0.933203, 0.42436, 0.876367, 0.521929, 0.876367
0.622515, 0.933203, 0.524946, 0.933203, 0.524946, 0.876367, 0.622515, 0.876367
0.0990772, 0.985449, 0.00150879, 0.985449, 0.00150879, 0.928613, 0.0990772, 0.928613
0.199663, 0.985449, 0.102095, 0.985449, 0.102095, 0.928613, 0.199663, 0.928613
Furtree_Small_02.spt
Leaves
0.4925, 0.24625, 0.0075, 0.24625, 0.0075, 0.00375, 0.4925, 0.00375
Fronds
0.290498, 0.404387, 0.00442383, 0.404387, 0.00442383, 0.252351, 0.290498, 0.252351
Billboards
0.969092, 0.561235, 0.864893, 0.561235, 0.864893, 0.51103, 0.969092, 0.51103
0.969092, 0.509478, 0.864893, 0.509478, 0.864893, 0.459272, 0.969092, 0.459272
0.969092, 0.45772, 0.864893, 0.45772, 0.864893, 0.407515, 0.969092, 0.407515
0.963232, 0.207231, 0.859033, 0.207231, 0.859033, 0.157026, 0.963232, 0.157026
0.855811, 0.207231, 0.751611, 0.207231, 0.751611, 0.157026, 0.855811, 0.157026
Furtree_Small_03_bent.spt
Leaves
0.4925, 0.24625, 0.0075, 0.24625, 0.0075, 0.00375, 0.4925, 0.00375
Fronds
0.290498, 0.404387, 0.00442383, 0.404387, 0.00442383, 0.252351, 0.290498, 0.252351
Billboards
0.410762, 0.991797, 0.323613, 0.991797, 0.323613, 0.934961, 0.410762, 0.934961
0.802363, 0.933203, 0.715215, 0.933203, 0.715215, 0.876367, 0.802363, 0.876367
0.289668, 0.985449, 0.20252, 0.985449, 0.20252, 0.928613, 0.289668, 0.928613
0.957637, 0.881445, 0.870488, 0.881445, 0.870488, 0.824609, 0.957637, 0.824609
0.71252, 0.933203, 0.625371, 0.933203, 0.625371, 0.876367, 0.71252, 0.876367
Furtree_Small_04_bent_dead_tree.spt
Leaves
0.4925, 0.24625, 0.0075, 0.24625, 0.0075, 0.00375, 0.4925, 0.00375
Fronds
0.74625, 0.24625, 0.50375, 0.24625, 0.50375, 0.00375, 0.74625, 0.00375
Billboards
0.819258, 0.248408, 0.751055, 0.248408, 0.751055, 0.208623, 0.819258, 0.208623
0.88957, 0.248408, 0.821367, 0.248408, 0.821367, 0.208623, 0.88957, 0.208623
0.959883, 0.248408, 0.89168, 0.248408, 0.89168, 0.208623, 0.959883, 0.208623
0.766523, 0.974482, 0.69832, 0.974482, 0.69832, 0.934697, 0.766523, 0.934697
0.836836, 0.974482, 0.768633, 0.974482, 0.768633, 0.934697, 0.836836, 0.934697
Furtree_Small_05_dead_tree.spt
Leaves
0.4925, 0.24625, 0.0075, 0.24625, 0.0075, 0.00375, 0.4925, 0.00375
Fronds
0.74625, 0.24625, 0.50375, 0.24625, 0.50375, 0.00375, 0.74625, 0.00375
Billboards
0.696196, 0.982178, 0.627046, 0.982178, 0.627046, 0.934814, 0.696196, 0.934814
0.93936, 0.93042, 0.87021, 0.93042, 0.87021, 0.883057, 0.93936, 0.883057
0.624907, 0.982178, 0.555757, 0.982178, 0.555757, 0.934814, 0.624907, 0.934814
0.553618, 0.982178, 0.484468, 0.982178, 0.484468, 0.934814, 0.553618, 0.934814
0.482329, 0.982178, 0.413179, 0.982178, 0.413179, 0.934814, 0.482329, 0.934814
