Acacia.spt
Leaves
0.566567, 0.985, 0.00862793, 0.985, 0.00862793, 0.015, 0.566567, 0.015
Fronds
0.566567, 0.985, 0.00862793, 0.985, 0.00862793, 0.015, 0.566567, 0.015
Billboards
0.81856, 0.195269, 0.578901, 0.195269, 0.578901, 0.00297363, 0.81856, 0.00297363
0.81856, 0.393511, 0.578901, 0.393511, 0.578901, 0.201216, 0.81856, 0.201216
0.81856, 0.591753, 0.578901, 0.591753, 0.578901, 0.399458, 0.81856, 0.399458
0.81856, 0.789995, 0.578901, 0.789995, 0.578901, 0.5977, 0.81856, 0.5977
0.81856, 0.988237, 0.578901, 0.988237, 0.578901, 0.795942, 0.81856, 0.795942
