BirchMedium2.spt
Leaves
0.935449, 0.188535, 0.613379, 0.188535, 0.613379, 0.00287109, 0.935449, 0.00287109
Fronds
0.599272, 0.4925, 0.00912598, 0.4925, 0.00912598, 0.0075, 0.599272, 0.0075
0.4925, 0.9925, 0.0075, 0.9925, 0.0075, 0.5075, 0.4925, 0.5075
Billboards
0.995308, 0.298179, 0.818169, 0.298179, 0.818169, 0.193032, 0.995308, 0.193032
0.995308, 0.406577, 0.818169, 0.406577, 0.818169, 0.301431, 0.995308, 0.301431
0.995308, 0.514976, 0.818169, 0.514976, 0.818169, 0.409829, 0.995308, 0.409829
0.995308, 0.623374, 0.818169, 0.623374, 0.818169, 0.518228, 0.995308, 0.518228
0.995308, 0.731772, 0.818169, 0.731772, 0.818169, 0.626626, 0.995308, 0.626626
0.995308, 0.840171, 0.818169, 0.840171, 0.818169, 0.735024, 0.995308, 0.735024
BirchMedium.spt
Leaves
0.935449, 0.188535, 0.613379, 0.188535, 0.613379, 0.00287109, 0.935449, 0.00287109
Fronds
0.599272, 0.4925, 0.00912598, 0.4925, 0.00912598, 0.0075, 0.599272, 0.0075
0.4925, 0.9925, 0.0075, 0.9925, 0.0075, 0.5075, 0.4925, 0.5075
Billboards
0.812324, 0.304431, 0.611504, 0.304431, 0.611504, 0.193127, 0.812324, 0.193127
0.812324, 0.419177, 0.611504, 0.419177, 0.611504, 0.307874, 0.812324, 0.307874
0.812324, 0.533923, 0.611504, 0.533923, 0.611504, 0.42262, 0.812324, 0.42262
0.812324, 0.648669, 0.611504, 0.648669, 0.611504, 0.537366, 0.812324, 0.537366
0.812324, 0.763416, 0.611504, 0.763416, 0.611504, 0.652112, 0.812324, 0.652112
0.812324, 0.878162, 0.611504, 0.878162, 0.611504, 0.766858, 0.812324, 0.766858
