LowBush_cluster.spt
Leaves
0.480957, 0.480957, 0.00732422, 0.480957, 0.00732422, 0.00732422, 0.480957, 0.00732422
0.480957, 0.969238, 0.00732422, 0.969238, 0.00732422, 0.495605, 0.480957, 0.495605
Fronds
0.810522, 0.558872, 0.493188, 0.558872, 0.493188, 0.00851074, 0.810522, 0.00851074
Billboards
0.688359, 0.920049, 0.491328, 0.920049, 0.491328, 0.865107, 0.688359, 0.865107
0.90125, 0.771611, 0.704219, 0.771611, 0.704219, 0.71667, 0.90125, 0.71667
0.688359, 0.976689, 0.491328, 0.976689, 0.491328, 0.921748, 0.688359, 0.921748
0.90125, 0.828252, 0.704219, 0.828252, 0.704219, 0.773311, 0.90125, 0.773311
0.90125, 0.884893, 0.704219, 0.884893, 0.704219, 0.829951, 0.90125, 0.829951
0.90125, 0.941533, 0.704219, 0.941533, 0.704219, 0.886592, 0.90125, 0.886592
LowBush.spt
Leaves
0.480957, 0.480957, 0.00732422, 0.480957, 0.00732422, 0.00732422, 0.480957, 0.00732422
0.480957, 0.969238, 0.00732422, 0.969238, 0.00732422, 0.495605, 0.480957, 0.495605
Fronds
0.810522, 0.558872, 0.493188, 0.558872, 0.493188, 0.00851074, 0.810522, 0.00851074
Billboards
0.995308, 0.444199, 0.818169, 0.444199, 0.818169, 0.372207, 0.995308, 0.372207
0.995308, 0.36998, 0.818169, 0.36998, 0.818169, 0.297988, 0.995308, 0.297988
0.995308, 0.295762, 0.818169, 0.295762, 0.818169, 0.22377, 0.995308, 0.22377
0.995308, 0.221543, 0.818169, 0.221543, 0.818169, 0.149551, 0.995308, 0.149551
0.995308, 0.147324, 0.818169, 0.147324, 0.818169, 0.075332, 0.995308, 0.075332
0.995308, 0.0731055, 0.818169, 0.0731055, 0.818169, 0.00111328, 0.995308, 0.00111328
LowBush_thin.spt
Leaves
0.480957, 0.480957, 0.00732422, 0.480957, 0.00732422, 0.00732422, 0.480957, 0.00732422
0.480957, 0.969238, 0.00732422, 0.969238, 0.00732422, 0.495605, 0.480957, 0.495605
0.480957, 0.969238, 0.00732422, 0.969238, 0.00732422, 0.495605, 0.480957, 0.495605
Fronds
0.810522, 0.558872, 0.493188, 0.558872, 0.493188, 0.00851074, 0.810522, 0.00851074
Billboards
0.910869, 0.714707, 0.704365, 0.714707, 0.704365, 0.642715, 0.910869, 0.642715
0.697978, 0.863145, 0.491475, 0.863145, 0.491475, 0.791152, 0.697978, 0.791152
0.910869, 0.640488, 0.704365, 0.640488, 0.704365, 0.568496, 0.910869, 0.568496
0.697978, 0.788926, 0.491475, 0.788926, 0.491475, 0.716934, 0.697978, 0.716934
0.697978, 0.714707, 0.491475, 0.714707, 0.491475, 0.642715, 0.697978, 0.642715
0.697978, 0.640488, 0.491475, 0.640488, 0.491475, 0.568496, 0.697978, 0.568496
