BushMedium_Cluster.spt
Leaves
0.9925, 0.4925, 0.5075, 0.4925, 0.5075, 0.0075, 0.9925, 0.0075
Fronds
0.4925, 0.67334, 0.0075, 0.67334, 0.0075, 0.0102539, 0.4925, 0.0102539
Billboards
0.322241, 0.800947, 0.00490723, 0.800947, 0.00490723, 0.685381, 0.322241, 0.685381
0.822241, 0.617353, 0.504907, 0.617353, 0.504907, 0.501787, 0.822241, 0.501787
0.64939, 0.800947, 0.332056, 0.800947, 0.332056, 0.685381, 0.64939, 0.685381
0.322241, 0.920088, 0.00490723, 0.920088, 0.00490723, 0.804522, 0.322241, 0.804522
0.64939, 0.920088, 0.332056, 0.920088, 0.332056, 0.804522, 0.64939, 0.804522
0.976538, 0.800947, 0.659204, 0.800947, 0.659204, 0.685381, 0.976538, 0.685381
0.976538, 0.920088, 0.659204, 0.920088, 0.659204, 0.804522, 0.976538, 0.804522
