TreeBig_1.spt
Leaves
0.4925, 0.24625, 0.0075, 0.24625, 0.0075, 0.00375, 0.4925, 0.00375
0.4925, 0.24625, 0.0075, 0.24625, 0.0075, 0.00375, 0.4925, 0.00375
Fronds
0.322241, 0.529436, 0.00490723, 0.529436, 0.00490723, 0.254255, 0.322241, 0.254255
Billboards
0.573398, 0.78052, 0.330898, 0.78052, 0.330898, 0.670164, 0.573398, 0.670164
0.24625, 0.747805, 0.00375, 0.747805, 0.00375, 0.637449, 0.24625, 0.637449
0.823398, 0.678469, 0.580898, 0.678469, 0.580898, 0.568113, 0.823398, 0.568113
0.573398, 0.66675, 0.330898, 0.66675, 0.330898, 0.556394, 0.573398, 0.556394
0.823398, 0.5647, 0.580898, 0.5647, 0.580898, 0.454343, 0.823398, 0.454343
TreeBig_2.spt
Leaves
0.4925, 0.24625, 0.0075, 0.24625, 0.0075, 0.00375, 0.4925, 0.00375
0.4925, 0.24625, 0.0075, 0.24625, 0.0075, 0.00375, 0.4925, 0.00375
Fronds
0.322241, 0.529436, 0.00490723, 0.529436, 0.00490723, 0.254255, 0.322241, 0.254255
Billboards
0.74625, 0.0990772, 0.50375, 0.0990772, 0.50375, 0.00150879, 0.74625, 0.00150879
0.74625, 0.199663, 0.50375, 0.199663, 0.50375, 0.102095, 0.74625, 0.102095
0.573398, 0.349077, 0.330898, 0.349077, 0.330898, 0.251509, 0.573398, 0.251509
0.99625, 0.0990772, 0.75375, 0.0990772, 0.75375, 0.00150879, 0.99625, 0.00150879
0.823398, 0.349077, 0.580898, 0.349077, 0.580898, 0.251509, 0.823398, 0.251509
TreeBig_3.spt
Leaves
0.4925, 0.24625, 0.0075, 0.24625, 0.0075, 0.00375, 0.4925, 0.00375
0.4925, 0.24625, 0.0075, 0.24625, 0.0075, 0.00375, 0.4925, 0.00375
Fronds
0.322241, 0.529436, 0.00490723, 0.529436, 0.00490723, 0.254255, 0.322241, 0.254255
Billboards
0.573398, 0.451106, 0.330898, 0.451106, 0.330898, 0.352117, 0.573398, 0.352117
0.99625, 0.201106, 0.75375, 0.201106, 0.75375, 0.102117, 0.99625, 0.102117
0.823398, 0.451106, 0.580898, 0.451106, 0.580898, 0.352117, 0.823398, 0.352117
0.573398, 0.553157, 0.330898, 0.553157, 0.330898, 0.454167, 0.573398, 0.454167
0.24625, 0.634211, 0.00375, 0.634211, 0.00375, 0.535222, 0.24625, 0.535222
TreeBig_4.spt
Leaves
0.4925, 0.24625, 0.0075, 0.24625, 0.0075, 0.00375, 0.4925, 0.00375
0.4925, 0.24625, 0.0075, 0.24625, 0.0075, 0.00375, 0.4925, 0.00375
Fronds
0.322241, 0.529436, 0.00490723, 0.529436, 0.00490723, 0.254255, 0.322241, 0.254255
Billboards
0.219316, 0.926882, 0.00333984, 0.926882, 0.00333984, 0.840208, 0.219316, 0.840208
0.796465, 0.857546, 0.580488, 0.857546, 0.580488, 0.770872, 0.796465, 0.770872
0.546465, 0.870242, 0.330488, 0.870242, 0.330488, 0.783567, 0.546465, 0.783567
0.219316, 0.837527, 0.00333984, 0.837527, 0.00333984, 0.750852, 0.219316, 0.750852
0.796465, 0.768191, 0.580488, 0.768191, 0.580488, 0.681516, 0.796465, 0.681516
TreeBig_5.spt
Leaves
0.4925, 0.24625, 0.0075, 0.24625, 0.0075, 0.00375, 0.4925, 0.00375
0.4925, 0.24625, 0.0075, 0.24625, 0.0075, 0.00375, 0.4925, 0.00375
Fronds
0.322241, 0.529436, 0.00490723, 0.529436, 0.00490723, 0.254255, 0.322241, 0.254255
Billboards
0.996997, 0.757129, 0.802808, 0.757129, 0.802808, 0.681348, 0.996997, 0.681348
0.996997, 0.835254, 0.802808, 0.835254, 0.802808, 0.759473, 0.996997, 0.759473
0.524341, 0.948535, 0.330151, 0.948535, 0.330151, 0.872754, 0.524341, 0.872754
0.774341, 0.93584, 0.580151, 0.93584, 0.580151, 0.860059, 0.774341, 0.860059
0.996997, 0.913379, 0.802808, 0.913379, 0.802808, 0.837598, 0.996997, 0.837598
0.996997, 0.991504, 0.802808, 0.991504, 0.802808, 0.915723, 0.996997, 0.915723
