TreeBigThin_1.spt
Leaves
0.24625, 0.24625, 0.00375, 0.24625, 0.00375, 0.00375, 0.24625, 0.00375
0.24625, 0.24625, 0.00375, 0.24625, 0.00375, 0.00375, 0.24625, 0.00375
Fronds
0.161121, 0.529436, 0.00245361, 0.529436, 0.00245361, 0.254255, 0.161121, 0.254255
Billboards
0.303052, 0.610022, 0.165698, 0.610022, 0.165698, 0.493982, 0.303052, 0.493982
0.672681, 0.117834, 0.535327, 0.117834, 0.535327, 0.00179443, 0.672681, 0.00179443
0.139478, 0.651526, 0.00212402, 0.651526, 0.00212402, 0.535486, 0.139478, 0.535486
0.672681, 0.237463, 0.535327, 0.237463, 0.535327, 0.121423, 0.672681, 0.121423
0.444653, 0.608069, 0.3073, 0.608069, 0.3073, 0.492029, 0.444653, 0.492029
0.586255, 0.487952, 0.448901, 0.487952, 0.448901, 0.371912, 0.586255, 0.371912
Self-Shadow
0.985, 0.985, 0.015, 0.985, 0.015, 0.015, 0.985, 0.015
TreeBigThin_2.spt
Leaves
0.24625, 0.24625, 0.00375, 0.24625, 0.00375, 0.00375, 0.24625, 0.00375
0.24625, 0.24625, 0.00375, 0.24625, 0.00375, 0.00375, 0.24625, 0.00375
Fronds
0.161121, 0.529436, 0.00245361, 0.529436, 0.00245361, 0.254255, 0.161121, 0.254255
Billboards
0.869458, 0.619714, 0.732104, 0.619714, 0.732104, 0.498938, 0.869458, 0.498938
0.303052, 0.972253, 0.165698, 0.972253, 0.165698, 0.851477, 0.303052, 0.851477
0.586255, 0.850671, 0.448901, 0.850671, 0.448901, 0.729895, 0.586255, 0.729895
0.727856, 0.732996, 0.590503, 0.732996, 0.590503, 0.612219, 0.727856, 0.612219
0.955884, 0.245203, 0.81853, 0.245203, 0.81853, 0.124426, 0.955884, 0.124426
0.869458, 0.495203, 0.732104, 0.495203, 0.732104, 0.374426, 0.869458, 0.374426
Self-Shadow
0.985, 0.985, 0.015, 0.985, 0.015, 0.015, 0.985, 0.015
TreeBigThin_3.spt
Leaves
0.24625, 0.24625, 0.00375, 0.24625, 0.00375, 0.00375, 0.24625, 0.00375
0.24625, 0.24625, 0.00375, 0.24625, 0.00375, 0.00375, 0.24625, 0.00375
Fronds
0.161121, 0.529436, 0.00245361, 0.529436, 0.00245361, 0.254255, 0.161121, 0.254255
Billboards
0.586255, 0.726189, 0.448901, 0.726189, 0.448901, 0.607307, 0.586255, 0.607307
0.727856, 0.608513, 0.590503, 0.608513, 0.590503, 0.489631, 0.727856, 0.489631
0.139478, 0.889763, 0.00212402, 0.889763, 0.00212402, 0.770881, 0.139478, 0.770881
0.869458, 0.37072, 0.732104, 0.37072, 0.732104, 0.251838, 0.869458, 0.251838
0.444653, 0.846306, 0.3073, 0.846306, 0.3073, 0.727424, 0.444653, 0.727424
0.955884, 0.12072, 0.81853, 0.12072, 0.81853, 0.00183838, 0.955884, 0.00183838
Self-Shadow
0.985, 0.985, 0.015, 0.985, 0.015, 0.015, 0.985, 0.015
TreeBigThin_4.spt
Leaves
0.24625, 0.24625, 0.00375, 0.24625, 0.00375, 0.00375, 0.24625, 0.00375
0.24625, 0.24625, 0.00375, 0.24625, 0.00375, 0.00375, 0.24625, 0.00375
Fronds
0.161121, 0.529436, 0.00245361, 0.529436, 0.00245361, 0.254255, 0.161121, 0.254255
Billboards
0.444653, 0.72385, 0.3073, 0.72385, 0.3073, 0.611599, 0.444653, 0.611599
0.814282, 0.113987, 0.676929, 0.113987, 0.676929, 0.00173584, 0.814282, 0.00173584
0.586255, 0.603733, 0.448901, 0.603733, 0.448901, 0.491482, 0.586255, 0.491482
0.139478, 0.767307, 0.00212402, 0.767307, 0.00212402, 0.655056, 0.139478, 0.655056
0.727856, 0.363987, 0.590503, 0.363987, 0.590503, 0.251736, 0.727856, 0.251736
0.303052, 0.725803, 0.165698, 0.725803, 0.165698, 0.613552, 0.303052, 0.613552
Self-Shadow
0.985, 0.985, 0.015, 0.985, 0.015, 0.015, 0.985, 0.015
TreeBigThin_5.spt
Leaves
0.24625, 0.24625, 0.00375, 0.24625, 0.00375, 0.00375, 0.24625, 0.00375
0.24625, 0.24625, 0.00375, 0.24625, 0.00375, 0.00375, 0.24625, 0.00375
Fronds
0.161121, 0.529436, 0.00245361, 0.529436, 0.00245361, 0.254255, 0.161121, 0.254255
Billboards
0.303052, 0.370239, 0.165698, 0.370239, 0.165698, 0.251831, 0.303052, 0.251831
0.389478, 0.24231, 0.252124, 0.24231, 0.252124, 0.123901, 0.389478, 0.123901
0.389478, 0.120239, 0.252124, 0.120239, 0.252124, 0.00183105, 0.389478, 0.00183105
0.814282, 0.235962, 0.676929, 0.235962, 0.676929, 0.117554, 0.814282, 0.117554
0.727856, 0.485962, 0.590503, 0.485962, 0.590503, 0.367554, 0.727856, 0.367554
0.303052, 0.847778, 0.165698, 0.847778, 0.165698, 0.72937, 0.303052, 0.72937
Self-Shadow
0.985, 0.985, 0.015, 0.985, 0.015, 0.015, 0.985, 0.015
TreeBigThin_6.spt
Leaves
0.24625, 0.24625, 0.00375, 0.24625, 0.00375, 0.00375, 0.24625, 0.00375
0.24625, 0.24625, 0.00375, 0.24625, 0.00375, 0.00375, 0.24625, 0.00375
Fronds
0.161121, 0.529436, 0.00245361, 0.529436, 0.00245361, 0.254255, 0.161121, 0.254255
Billboards
0.531079, 0.118315, 0.393726, 0.118315, 0.393726, 0.00180176, 0.531079, 0.00180176
0.444653, 0.368315, 0.3073, 0.368315, 0.3073, 0.251802, 0.444653, 0.251802
0.303052, 0.490386, 0.165698, 0.490386, 0.165698, 0.373872, 0.303052, 0.373872
0.531079, 0.238433, 0.393726, 0.238433, 0.393726, 0.121919, 0.531079, 0.121919
0.444653, 0.488433, 0.3073, 0.488433, 0.3073, 0.371919, 0.444653, 0.371919
0.586255, 0.368315, 0.448901, 0.368315, 0.448901, 0.251802, 0.586255, 0.251802
Self-Shadow
0.985, 0.985, 0.015, 0.985, 0.015, 0.015, 0.985, 0.015
TreeBigThin_7.spt
Leaves
0.24625, 0.24625, 0.00375, 0.24625, 0.00375, 0.00375, 0.24625, 0.00375
0.24625, 0.24625, 0.00375, 0.24625, 0.00375, 0.00375, 0.24625, 0.00375
Fronds
0.161121, 0.529436, 0.00245361, 0.529436, 0.00245361, 0.254255, 0.161121, 0.254255
Billboards
0.862244, 0.880369, 0.731995, 0.880369, 0.731995, 0.753909, 0.862244, 0.753909
0.720642, 0.99365, 0.590393, 0.99365, 0.590393, 0.86719, 0.720642, 0.86719
0.579041, 0.980955, 0.448792, 0.980955, 0.448792, 0.854495, 0.579041, 0.854495
0.862244, 0.749998, 0.731995, 0.749998, 0.731995, 0.623538, 0.862244, 0.623538
0.720642, 0.863279, 0.590393, 0.863279, 0.590393, 0.736819, 0.720642, 0.736819
0.437439, 0.97656, 0.30719, 0.97656, 0.30719, 0.8501, 0.437439, 0.8501
Self-Shadow
0.985, 0.985, 0.015, 0.985, 0.015, 0.015, 0.985, 0.015
TreeBigThin_8.spt
Leaves
0.24625, 0.24625, 0.00375, 0.24625, 0.00375, 0.00375, 0.24625, 0.00375
0.24625, 0.24625, 0.00375, 0.24625, 0.00375, 0.00375, 0.24625, 0.00375
Fronds
0.161121, 0.529436, 0.00245361, 0.529436, 0.00245361, 0.254255, 0.161121, 0.254255
Billboards
0.12553, 0.988755, 0.00191162, 0.988755, 0.00191162, 0.893081, 0.12553, 0.893081
0.997112, 0.347153, 0.873494, 0.347153, 0.873494, 0.25148, 0.997112, 0.25148
0.997112, 0.445786, 0.873494, 0.445786, 0.873494, 0.350112, 0.997112, 0.350112
0.997112, 0.544419, 0.873494, 0.544419, 0.873494, 0.448745, 0.997112, 0.448745
0.997112, 0.643052, 0.873494, 0.643052, 0.873494, 0.547378, 0.997112, 0.547378
0.997112, 0.741685, 0.873494, 0.741685, 0.873494, 0.646011, 0.997112, 0.646011
Self-Shadow
0.985, 0.985, 0.015, 0.985, 0.015, 0.015, 0.985, 0.015
