TreeForestThin_1.spt
Leaves
0.961914, 0.495386, 0.0146484, 0.495386, 0.0146484, 0.00754395, 0.961914, 0.00754395
Fronds
0.961914, 0.495386, 0.0146484, 0.495386, 0.0146484, 0.00754395, 0.961914, 0.00754395
Billboards
0.908716, 0.93416, 0.752417, 0.93416, 0.752417, 0.81291, 0.908716, 0.81291
0.158716, 0.992266, 0.00241699, 0.992266, 0.00241699, 0.871016, 0.158716, 0.871016
0.658716, 0.916094, 0.502417, 0.916094, 0.502417, 0.794844, 0.658716, 0.794844
0.908716, 0.80916, 0.752417, 0.80916, 0.752417, 0.68791, 0.908716, 0.68791
0.408716, 0.885332, 0.252417, 0.885332, 0.252417, 0.764082, 0.408716, 0.764082
TreeForestThin_2.spt
Leaves
0.961914, 0.495386, 0.0146484, 0.495386, 0.0146484, 0.00754395, 0.961914, 0.00754395
Fronds
0.961914, 0.495386, 0.0146484, 0.495386, 0.0146484, 0.00754395, 0.961914, 0.00754395
Billboards
0.74625, 0.684431, 0.50375, 0.684431, 0.50375, 0.580706, 0.74625, 0.580706
0.24625, 0.760603, 0.00375, 0.760603, 0.00375, 0.656877, 0.24625, 0.656877
0.49625, 0.760603, 0.25375, 0.760603, 0.25375, 0.656877, 0.49625, 0.656877
0.99625, 0.684431, 0.75375, 0.684431, 0.75375, 0.580706, 0.99625, 0.580706
0.74625, 0.791365, 0.50375, 0.791365, 0.50375, 0.687639, 0.74625, 0.687639
0.24625, 0.867537, 0.00375, 0.867537, 0.00375, 0.763811, 0.24625, 0.763811
TreeForestThin_3.spt
Leaves
0.961914, 0.495386, 0.0146484, 0.495386, 0.0146484, 0.00754395, 0.961914, 0.00754395
Fronds
0.961914, 0.495386, 0.0146484, 0.495386, 0.0146484, 0.00754395, 0.961914, 0.00754395
Billboards
0.99625, 0.577959, 0.75375, 0.577959, 0.75375, 0.504072, 0.99625, 0.504072
0.49625, 0.654131, 0.25375, 0.654131, 0.25375, 0.580244, 0.49625, 0.580244
0.24625, 0.654131, 0.00375, 0.654131, 0.00375, 0.580244, 0.24625, 0.580244
0.74625, 0.577959, 0.50375, 0.577959, 0.50375, 0.504072, 0.74625, 0.504072
0.49625, 0.577959, 0.25375, 0.577959, 0.25375, 0.504072, 0.49625, 0.504072
0.24625, 0.577959, 0.00375, 0.577959, 0.00375, 0.504072, 0.24625, 0.504072
