TreeForest_bush.spt
Leaves
0.4925, 0.4925, 0.0075, 0.4925, 0.0075, 0.0075, 0.4925, 0.0075
Fronds
0.74625, 0.4925, 0.50375, 0.4925, 0.50375, 0.0075, 0.74625, 0.0075
Billboards
0.811562, 0.0413623, 0.750938, 0.0413623, 0.750938, 0.000629883, 0.811562, 0.000629883
0.811562, 0.0833545, 0.750938, 0.0833545, 0.750938, 0.0426221, 0.811562, 0.0426221
0.811562, 0.125347, 0.750938, 0.125347, 0.750938, 0.0846143, 0.811562, 0.0846143
0.811562, 0.167339, 0.750938, 0.167339, 0.750938, 0.126606, 0.811562, 0.126606
0.811562, 0.209331, 0.750938, 0.209331, 0.750938, 0.168599, 0.811562, 0.168599
0.811562, 0.251323, 0.750938, 0.251323, 0.750938, 0.210591, 0.811562, 0.210591
TreeForest_bush_dry.spt
Leaves
0.4925, 0.4925, 0.0075, 0.4925, 0.0075, 0.0075, 0.4925, 0.0075
0.4925, 0.4925, 0.0075, 0.4925, 0.0075, 0.0075, 0.4925, 0.0075
Fronds
0.4925, 0.9925, 0.0075, 0.9925, 0.0075, 0.5075, 0.4925, 0.5075
Billboards
0.811562, 0.289468, 0.750938, 0.289468, 0.750938, 0.252524, 0.811562, 0.252524
0.811562, 0.327554, 0.750938, 0.327554, 0.750938, 0.29061, 0.811562, 0.29061
0.874062, 0.0375146, 0.813438, 0.0375146, 0.813438, 0.000571289, 0.874062, 0.000571289
0.874062, 0.0756006, 0.813438, 0.0756006, 0.813438, 0.0386572, 0.874062, 0.0386572
0.874062, 0.113687, 0.813438, 0.113687, 0.813438, 0.0767432, 0.874062, 0.0767432
0.811562, 0.36564, 0.750938, 0.36564, 0.750938, 0.328696, 0.811562, 0.328696
TreeForest_Dry_Strong_01.spt
Leaves
0.4925, 0.4925, 0.0075, 0.4925, 0.0075, 0.0075, 0.4925, 0.0075
Fronds
0.4925, 0.9925, 0.0075, 0.9925, 0.0075, 0.5075, 0.4925, 0.5075
Billboards
0.985596, 0.311563, 0.938232, 0.311563, 0.938232, 0.250937, 0.985596, 0.250937
0.923096, 0.479531, 0.875732, 0.479531, 0.875732, 0.418906, 0.923096, 0.418906
0.860596, 0.574258, 0.813232, 0.574258, 0.813232, 0.513633, 0.860596, 0.513633
0.798096, 0.658242, 0.750732, 0.658242, 0.750732, 0.597617, 0.798096, 0.597617
0.985596, 0.249063, 0.938232, 0.249063, 0.938232, 0.188438, 0.985596, 0.188438
0.985596, 0.186563, 0.938232, 0.186563, 0.938232, 0.125938, 0.985596, 0.125938
TreeForest_Dry_Strong_02.spt
Leaves
0.4925, 0.4925, 0.0075, 0.4925, 0.0075, 0.0075, 0.4925, 0.0075
Fronds
0.4925, 0.9925, 0.0075, 0.9925, 0.0075, 0.5075, 0.4925, 0.5075
Billboards
0.928867, 0.417031, 0.87582, 0.417031, 0.87582, 0.356406, 0.928867, 0.356406
0.991367, 0.124063, 0.93832, 0.124063, 0.93832, 0.0634375, 0.991367, 0.0634375
0.991367, 0.0615625, 0.93832, 0.0615625, 0.93832, 0.0009375, 0.991367, 0.0009375
0.866367, 0.511758, 0.81332, 0.511758, 0.81332, 0.451133, 0.866367, 0.451133
0.928867, 0.354531, 0.87582, 0.354531, 0.87582, 0.293906, 0.928867, 0.293906
0.803867, 0.595742, 0.75082, 0.595742, 0.75082, 0.535117, 0.803867, 0.535117
TreeForestLeaves_thin_01.spt
Leaves
0.4925, 0.4925, 0.0075, 0.4925, 0.0075, 0.0075, 0.4925, 0.0075
Fronds
0.74625, 0.9925, 0.50375, 0.9925, 0.50375, 0.5075, 0.74625, 0.5075
Billboards
0.792324, 0.908242, 0.750645, 0.908242, 0.750645, 0.847617, 0.792324, 0.847617
0.979824, 0.686562, 0.938145, 0.686562, 0.938145, 0.625938, 0.979824, 0.625938
0.854824, 0.824258, 0.813145, 0.824258, 0.813145, 0.763633, 0.854824, 0.763633
0.917324, 0.729531, 0.875645, 0.729531, 0.875645, 0.668906, 0.917324, 0.668906
0.979824, 0.624062, 0.938145, 0.624062, 0.938145, 0.563438, 0.979824, 0.563438
0.792324, 0.845742, 0.750645, 0.845742, 0.750645, 0.785117, 0.792324, 0.785117
TreeForestLeaves_thin_02.spt
Leaves
0.4925, 0.4925, 0.0075, 0.4925, 0.0075, 0.0075, 0.4925, 0.0075
Fronds
0.74625, 0.9925, 0.50375, 0.9925, 0.50375, 0.5075, 0.74625, 0.5075
Billboards
0.85771, 0.699258, 0.813188, 0.699258, 0.813188, 0.638633, 0.85771, 0.638633
0.98271, 0.499063, 0.938188, 0.499063, 0.938188, 0.438437, 0.98271, 0.438437
0.79521, 0.783242, 0.750688, 0.783242, 0.750688, 0.722617, 0.79521, 0.722617
0.98271, 0.561562, 0.938188, 0.561562, 0.938188, 0.500938, 0.98271, 0.500938
0.92021, 0.667031, 0.875688, 0.667031, 0.875688, 0.606406, 0.92021, 0.606406
0.85771, 0.761758, 0.813188, 0.761758, 0.813188, 0.701133, 0.85771, 0.701133
TreeForestLeaves_thin_03.spt
Leaves
0.4925, 0.4925, 0.0075, 0.4925, 0.0075, 0.0075, 0.4925, 0.0075
Fronds
0.74625, 0.9925, 0.50375, 0.9925, 0.50375, 0.5075, 0.74625, 0.5075
Billboards
0.921172, 0.604531, 0.875703, 0.604531, 0.875703, 0.543906, 0.921172, 0.543906
0.983672, 0.436563, 0.938203, 0.436563, 0.938203, 0.375937, 0.983672, 0.375937
0.796172, 0.720742, 0.750703, 0.720742, 0.750703, 0.660117, 0.796172, 0.660117
0.921172, 0.542031, 0.875703, 0.542031, 0.875703, 0.481406, 0.921172, 0.481406
0.858672, 0.636758, 0.813203, 0.636758, 0.813203, 0.576133, 0.858672, 0.576133
0.983672, 0.374063, 0.938203, 0.374063, 0.938203, 0.313437, 0.983672, 0.313437
TreeForestLeaves_thin_dry_05.spt
Leaves
0.4925, 0.4925, 0.0075, 0.4925, 0.0075, 0.0075, 0.4925, 0.0075
0.4925, 0.4925, 0.0075, 0.4925, 0.0075, 0.0075, 0.4925, 0.0075
Fronds
0.4925, 0.9925, 0.0075, 0.9925, 0.0075, 0.5075, 0.4925, 0.5075
Billboards
0.936562, 0.19458, 0.875938, 0.19458, 0.875938, 0.147217, 0.936562, 0.147217
0.811562, 0.533447, 0.750938, 0.533447, 0.750938, 0.486084, 0.811562, 0.486084
0.936562, 0.243408, 0.875938, 0.243408, 0.875938, 0.196045, 0.936562, 0.196045
0.874062, 0.449463, 0.813438, 0.449463, 0.813438, 0.4021, 0.874062, 0.4021
0.936562, 0.292236, 0.875938, 0.292236, 0.875938, 0.244873, 0.936562, 0.244873
0.874062, 0.400635, 0.813438, 0.400635, 0.813438, 0.353271, 0.874062, 0.353271
TreeForestLeaves_thin_dry_Cluster_01.spt
Leaves
0.4925, 0.4925, 0.0075, 0.4925, 0.0075, 0.0075, 0.4925, 0.0075
0.4925, 0.4925, 0.0075, 0.4925, 0.0075, 0.0075, 0.4925, 0.0075
Fronds
0.4925, 0.9925, 0.0075, 0.9925, 0.0075, 0.5075, 0.4925, 0.5075
Billboards
0.874062, 0.148887, 0.813438, 0.148887, 0.813438, 0.114785, 0.874062, 0.114785
0.874062, 0.184043, 0.813438, 0.184043, 0.813438, 0.149941, 0.874062, 0.149941
0.874062, 0.219199, 0.813438, 0.219199, 0.813438, 0.185098, 0.874062, 0.185098
0.811562, 0.40084, 0.750938, 0.40084, 0.750938, 0.366738, 0.811562, 0.366738
0.874062, 0.254355, 0.813438, 0.254355, 0.813438, 0.220254, 0.874062, 0.220254
0.811562, 0.435996, 0.750938, 0.435996, 0.750938, 0.401895, 0.811562, 0.401895
TreeForestLeaves_thin_dry_leaves_05.spt
Leaves
0.4925, 0.4925, 0.0075, 0.4925, 0.0075, 0.0075, 0.4925, 0.0075
0.4925, 0.4925, 0.0075, 0.4925, 0.0075, 0.0075, 0.4925, 0.0075
Fronds
0.4925, 0.9925, 0.0075, 0.9925, 0.0075, 0.5075, 0.4925, 0.5075
Billboards
0.936562, 0.145752, 0.875938, 0.145752, 0.875938, 0.0983887, 0.936562, 0.0983887
0.936562, 0.0969238, 0.875938, 0.0969238, 0.875938, 0.0495605, 0.936562, 0.0495605
0.936562, 0.0480957, 0.875938, 0.0480957, 0.875938, 0.000732422, 0.936562, 0.000732422
0.811562, 0.484619, 0.750938, 0.484619, 0.750938, 0.437256, 0.811562, 0.437256
0.874062, 0.351807, 0.813438, 0.351807, 0.813438, 0.304443, 0.874062, 0.304443
0.874062, 0.302979, 0.813438, 0.302979, 0.813438, 0.255615, 0.874062, 0.255615
