ScotsPine_RT01.spt
Leaves
0.548291, 0.731055, 0.00834961, 0.731055, 0.00834961, 0.0111328, 0.548291, 0.0111328
Fronds
0.845215, 0.496348, 0.561035, 0.496348, 0.561035, 0.00755859, 0.845215, 0.00755859
Billboards
0.844512, 0.732842, 0.704316, 0.732842, 0.704316, 0.507393, 0.844512, 0.507393
0.991973, 0.470146, 0.851777, 0.470146, 0.851777, 0.244697, 0.991973, 0.244697
0.699004, 0.974053, 0.558809, 0.974053, 0.558809, 0.748604, 0.699004, 0.748604
0.991973, 0.702568, 0.851777, 0.702568, 0.851777, 0.477119, 0.991973, 0.477119
0.844512, 0.965264, 0.704316, 0.965264, 0.704316, 0.739814, 0.844512, 0.739814
0.991973, 0.93499, 0.851777, 0.93499, 0.851777, 0.709541, 0.991973, 0.709541
ScotsPine_RT02.spt
Leaves
0.548291, 0.731055, 0.00834961, 0.731055, 0.00834961, 0.0111328, 0.548291, 0.0111328
Fronds
0.845215, 0.496348, 0.561035, 0.496348, 0.561035, 0.00755859, 0.845215, 0.00755859
Billboards
0.143325, 0.97978, 0.00218262, 0.97978, 0.00218262, 0.745806, 0.143325, 0.745806
0.699966, 0.741499, 0.558823, 0.741499, 0.558823, 0.507524, 0.699966, 0.507524
0.288833, 0.97978, 0.14769, 0.97978, 0.14769, 0.745806, 0.288833, 0.745806
0.434341, 0.97978, 0.293198, 0.97978, 0.293198, 0.745806, 0.434341, 0.745806
0.992935, 0.237593, 0.851792, 0.237593, 0.851792, 0.00361816, 0.992935, 0.00361816
