ScotsPine_Clucter_RT01.spt
Leaves
0.548291, 0.365527, 0.00834961, 0.365527, 0.00834961, 0.00556641, 0.548291, 0.00556641
Fronds
0.24625, 0.787266, 0.00375, 0.787266, 0.00375, 0.544766, 0.24625, 0.544766
Billboards
0.802891, 0.0836865, 0.560391, 0.0836865, 0.560391, 0.00127441, 0.802891, 0.00127441
0.802891, 0.168647, 0.560391, 0.168647, 0.560391, 0.0862354, 0.802891, 0.0862354
0.802891, 0.253608, 0.560391, 0.253608, 0.560391, 0.171196, 0.802891, 0.171196
0.24625, 0.45478, 0.00375, 0.45478, 0.00375, 0.372368, 0.24625, 0.372368
0.802891, 0.338569, 0.560391, 0.338569, 0.560391, 0.256157, 0.802891, 0.256157
0.49625, 0.45478, 0.25375, 0.45478, 0.25375, 0.372368, 0.49625, 0.372368
0.802891, 0.42353, 0.560391, 0.42353, 0.560391, 0.341118, 0.802891, 0.341118
0.24625, 0.539741, 0.00375, 0.539741, 0.00375, 0.457329, 0.24625, 0.457329
0.49625, 0.539741, 0.25375, 0.539741, 0.25375, 0.457329, 0.49625, 0.457329
0.802891, 0.508491, 0.560391, 0.508491, 0.560391, 0.426079, 0.802891, 0.426079
ScotsPine_Clucter_RT02.spt
Leaves
0.548291, 0.365527, 0.00834961, 0.365527, 0.00834961, 0.00556641, 0.548291, 0.00556641
Fronds
0.24625, 0.787266, 0.00375, 0.787266, 0.00375, 0.544766, 0.24625, 0.544766
Billboards
0.495288, 0.62855, 0.253735, 0.62855, 0.253735, 0.542349, 0.495288, 0.542349
0.801929, 0.5973, 0.560376, 0.5973, 0.560376, 0.511099, 0.801929, 0.511099
0.495288, 0.717417, 0.253735, 0.717417, 0.253735, 0.631216, 0.495288, 0.631216
0.801929, 0.686167, 0.560376, 0.686167, 0.560376, 0.599966, 0.801929, 0.599966
0.495288, 0.806284, 0.253735, 0.806284, 0.253735, 0.720083, 0.495288, 0.720083
0.801929, 0.775034, 0.560376, 0.775034, 0.560376, 0.688833, 0.801929, 0.688833
0.245288, 0.87855, 0.00373535, 0.87855, 0.00373535, 0.792349, 0.245288, 0.792349
0.495288, 0.895151, 0.253735, 0.895151, 0.253735, 0.80895, 0.495288, 0.80895
0.801929, 0.863901, 0.560376, 0.863901, 0.560376, 0.7777, 0.801929, 0.7777
0.245288, 0.967417, 0.00373535, 0.967417, 0.00373535, 0.881216, 0.245288, 0.881216
