BushSmall_00.spt
Leaves
0.985, 0.865723, 0.015, 0.865723, 0.015, 0.0131836, 0.985, 0.0131836
Fronds
0.985, 0.865723, 0.015, 0.865723, 0.015, 0.0131836, 0.985, 0.0131836
Billboards
0.701367, 0.938545, 0.587695, 0.938545, 0.587695, 0.879814, 0.701367, 0.879814
0.701367, 0.999092, 0.587695, 0.999092, 0.587695, 0.940361, 0.701367, 0.940361
0.818555, 0.938545, 0.704883, 0.938545, 0.704883, 0.879814, 0.818555, 0.879814
0.818555, 0.999092, 0.704883, 0.999092, 0.704883, 0.940361, 0.818555, 0.940361
0.935742, 0.938545, 0.82207, 0.938545, 0.82207, 0.879814, 0.935742, 0.879814
BushSmall_01.spt
Leaves
0.985, 0.865723, 0.015, 0.865723, 0.015, 0.0131836, 0.985, 0.0131836
Fronds
0.985, 0.865723, 0.015, 0.865723, 0.015, 0.0131836, 0.985, 0.0131836
Billboards
0.11543, 0.945278, 0.00175781, 0.945278, 0.00175781, 0.879917, 0.11543, 0.879917
0.232617, 0.945278, 0.118945, 0.945278, 0.118945, 0.879917, 0.232617, 0.879917
0.349805, 0.945278, 0.236133, 0.945278, 0.236133, 0.879917, 0.349805, 0.879917
0.466992, 0.945278, 0.35332, 0.945278, 0.35332, 0.879917, 0.466992, 0.879917
0.58418, 0.945278, 0.470508, 0.945278, 0.470508, 0.879917, 0.58418, 0.879917
