TreeForestLeaves01.spt
Leaves
0.4925, 0.4925, 0.0075, 0.4925, 0.0075, 0.0075, 0.4925, 0.0075
0.4925, 0.4925, 0.0075, 0.4925, 0.0075, 0.0075, 0.4925, 0.0075
0.4925, 0.4925, 0.0075, 0.4925, 0.0075, 0.0075, 0.4925, 0.0075
0.4925, 0.4925, 0.0075, 0.4925, 0.0075, 0.0075, 0.4925, 0.0075
Fronds
0.990479, 0.969106, 0.753662, 0.969106, 0.753662, 0.676401, 0.990479, 0.676401
Billboards
0.24625, 0.69623, 0.00375, 0.69623, 0.00375, 0.502988, 0.24625, 0.502988
0.74625, 0.19623, 0.50375, 0.19623, 0.50375, 0.00298828, 0.74625, 0.00298828
0.74625, 0.395449, 0.50375, 0.395449, 0.50375, 0.202207, 0.74625, 0.202207
0.49625, 0.69623, 0.25375, 0.69623, 0.25375, 0.502988, 0.49625, 0.502988
0.74625, 0.594668, 0.50375, 0.594668, 0.50375, 0.401426, 0.74625, 0.401426
0.24625, 0.895449, 0.00375, 0.895449, 0.00375, 0.702207, 0.24625, 0.702207
TreeForestLeaves03.spt
Leaves
0.4925, 0.4925, 0.0075, 0.4925, 0.0075, 0.0075, 0.4925, 0.0075
0.4925, 0.4925, 0.0075, 0.4925, 0.0075, 0.0075, 0.4925, 0.0075
0.4925, 0.4925, 0.0075, 0.4925, 0.0075, 0.0075, 0.4925, 0.0075
0.4925, 0.4925, 0.0075, 0.4925, 0.0075, 0.0075, 0.4925, 0.0075
Fronds
0.990479, 0.969106, 0.753662, 0.969106, 0.753662, 0.676401, 0.990479, 0.676401
Billboards
0.49625, 0.864668, 0.25375, 0.864668, 0.25375, 0.701738, 0.49625, 0.701738
0.99625, 0.165449, 0.75375, 0.165449, 0.75375, 0.00251953, 0.99625, 0.00251953
0.99625, 0.333418, 0.75375, 0.333418, 0.75375, 0.170488, 0.99625, 0.170488
0.74625, 0.763105, 0.50375, 0.763105, 0.50375, 0.600176, 0.74625, 0.600176
0.99625, 0.501387, 0.75375, 0.501387, 0.75375, 0.338457, 0.99625, 0.338457
0.99625, 0.669355, 0.75375, 0.669355, 0.75375, 0.506426, 0.99625, 0.506426
