ScotPineMedium_1.spt
Leaves
0.496348, 0.327532, 0.00755859, 0.327532, 0.00755859, 0.00498779, 0.496348, 0.00498779
Fronds
0.496348, 0.327532, 0.00755859, 0.327532, 0.00755859, 0.00498779, 0.496348, 0.00498779
Billboards
0.561226, 0.59157, 0.28936, 0.59157, 0.28936, 0.482161, 0.561226, 0.482161
0.841499, 0.59157, 0.569634, 0.59157, 0.569634, 0.482161, 0.841499, 0.482161
0.561226, 0.704363, 0.28936, 0.704363, 0.28936, 0.594954, 0.561226, 0.594954
0.276069, 0.739519, 0.0042041, 0.739519, 0.0042041, 0.63011, 0.276069, 0.63011
0.841499, 0.704363, 0.569634, 0.704363, 0.569634, 0.594954, 0.841499, 0.594954
ScotPineMedium_2.spt
Leaves
0.496348, 0.327532, 0.00755859, 0.327532, 0.00755859, 0.00498779, 0.496348, 0.00498779
Fronds
0.496348, 0.327532, 0.00755859, 0.327532, 0.00755859, 0.00498779, 0.496348, 0.00498779
Billboards
0.796914, 0.938672, 0.546836, 0.938672, 0.546836, 0.825, 0.796914, 0.825
0.539102, 0.821484, 0.289023, 0.821484, 0.289023, 0.707812, 0.539102, 0.707812
0.253945, 0.856641, 0.00386719, 0.856641, 0.00386719, 0.742969, 0.253945, 0.742969
0.796914, 0.821484, 0.546836, 0.821484, 0.546836, 0.707812, 0.796914, 0.707812
0.539102, 0.938672, 0.289023, 0.938672, 0.289023, 0.825, 0.539102, 0.825
0.253945, 0.973828, 0.00386719, 0.973828, 0.00386719, 0.860156, 0.253945, 0.860156
ScotPineMedium_3.spt
Leaves
0.496348, 0.327532, 0.00755859, 0.327532, 0.00755859, 0.00498779, 0.496348, 0.00498779
Fronds
0.496348, 0.327532, 0.00755859, 0.327532, 0.00755859, 0.00498779, 0.496348, 0.00498779
Billboards
0.280879, 0.626199, 0.00427734, 0.626199, 0.00427734, 0.482688, 0.280879, 0.482688
0.851191, 0.47825, 0.57459, 0.47825, 0.57459, 0.334739, 0.851191, 0.334739
0.566035, 0.47825, 0.289434, 0.47825, 0.289434, 0.334739, 0.566035, 0.334739
0.280879, 0.47825, 0.00427734, 0.47825, 0.00427734, 0.334739, 0.280879, 0.334739
0.784785, 0.293679, 0.508184, 0.293679, 0.508184, 0.150168, 0.784785, 0.150168
0.784785, 0.14573, 0.508184, 0.14573, 0.508184, 0.00221924, 0.784785, 0.00221924
