TreeMedium_1.spt
Leaves
0.76376, 0.912856, 0.0116309, 0.912856, 0.0116309, 0.0139014, 0.76376, 0.0139014
Fronds
0.76376, 0.912856, 0.0116309, 0.912856, 0.0116309, 0.0139014, 0.76376, 0.0139014
Billboards
0.962002, 0.51123, 0.778232, 0.51123, 0.778232, 0.416504, 0.962002, 0.416504
0.962002, 0.608887, 0.778232, 0.608887, 0.778232, 0.51416, 0.962002, 0.51416
0.962002, 0.706543, 0.778232, 0.706543, 0.778232, 0.611816, 0.962002, 0.611816
0.962002, 0.804199, 0.778232, 0.804199, 0.778232, 0.709473, 0.962002, 0.709473
0.962002, 0.901855, 0.778232, 0.901855, 0.778232, 0.807129, 0.962002, 0.807129
TreeMedium_2.spt
Leaves
0.76376, 0.912856, 0.0116309, 0.912856, 0.0116309, 0.0139014, 0.76376, 0.0139014
Fronds
0.76376, 0.912856, 0.0116309, 0.912856, 0.0116309, 0.0139014, 0.76376, 0.0139014
Billboards
0.967773, 0.0817627, 0.77832, 0.0817627, 0.77832, 0.00124512, 0.967773, 0.00124512
0.967773, 0.164771, 0.77832, 0.164771, 0.77832, 0.0842529, 0.967773, 0.0842529
0.967773, 0.247778, 0.77832, 0.247778, 0.77832, 0.167261, 0.967773, 0.167261
0.967773, 0.330786, 0.77832, 0.330786, 0.77832, 0.250269, 0.967773, 0.250269
0.967773, 0.413794, 0.77832, 0.413794, 0.77832, 0.333276, 0.967773, 0.333276
TreeMedium_3.spt
Leaves
0.76376, 0.912856, 0.0116309, 0.912856, 0.0116309, 0.0139014, 0.76376, 0.0139014
Fronds
0.76376, 0.912856, 0.0116309, 0.912856, 0.0116309, 0.0139014, 0.76376, 0.0139014
Billboards
0.176992, 0.986396, 0.00269531, 0.986396, 0.00269531, 0.927666, 0.176992, 0.927666
0.35668, 0.986396, 0.182383, 0.986396, 0.182383, 0.927666, 0.35668, 0.927666
0.536367, 0.986396, 0.36207, 0.986396, 0.36207, 0.927666, 0.536367, 0.927666
0.716055, 0.986396, 0.541758, 0.986396, 0.541758, 0.927666, 0.716055, 0.927666
0.952383, 0.962959, 0.778086, 0.962959, 0.778086, 0.904229, 0.952383, 0.904229
