Cane_Thin.spt
Leaves
0.985, 0.904199, 0.015, 0.904199, 0.015, 0.0137695, 0.985, 0.0137695
Fronds
0.985, 0.904199, 0.015, 0.904199, 0.015, 0.0137695, 0.985, 0.0137695
Billboards
0.123125, 0.990112, 0.001875, 0.990112, 0.001875, 0.919067, 0.123125, 0.919067
0.248125, 0.990112, 0.126875, 0.990112, 0.126875, 0.919067, 0.248125, 0.919067
0.373125, 0.990112, 0.251875, 0.990112, 0.251875, 0.919067, 0.373125, 0.919067
0.498125, 0.990112, 0.376875, 0.990112, 0.376875, 0.919067, 0.498125, 0.919067
Cane_Thin_L.spt
Leaves
0.985, 0.904199, 0.015, 0.904199, 0.015, 0.0137695, 0.985, 0.0137695
Fronds
0.985, 0.904199, 0.015, 0.904199, 0.015, 0.0137695, 0.985, 0.0137695
Billboards
0.623125, 0.959331, 0.501875, 0.959331, 0.501875, 0.918599, 0.623125, 0.918599
0.748125, 0.959331, 0.626875, 0.959331, 0.626875, 0.918599, 0.748125, 0.918599
0.873125, 0.959331, 0.751875, 0.959331, 0.751875, 0.918599, 0.873125, 0.918599
0.998125, 0.959331, 0.876875, 0.959331, 0.876875, 0.918599, 0.998125, 0.918599
Cane_Thin_XL.spt
Leaves
0.985, 0.904199, 0.015, 0.904199, 0.015, 0.0137695, 0.985, 0.0137695
Fronds
0.985, 0.904199, 0.015, 0.904199, 0.015, 0.0137695, 0.985, 0.0137695
Billboards
0.623125, 0.987856, 0.501875, 0.987856, 0.501875, 0.960386, 0.623125, 0.960386
0.748125, 0.987856, 0.626875, 0.987856, 0.626875, 0.960386, 0.748125, 0.960386
0.873125, 0.987856, 0.751875, 0.987856, 0.751875, 0.960386, 0.873125, 0.960386
0.998125, 0.987856, 0.876875, 0.987856, 0.876875, 0.960386, 0.998125, 0.960386
