Cane_Thin.spt
Leaves
0.714702, 0.857634, 0.0108838, 0.857634, 0.0108838, 0.397737, 0.714702, 0.397737
0.985, 0.384766, 0.015, 0.384766, 0.015, 0.00585938, 0.985, 0.00585938
0.985, 0.384766, 0.015, 0.384766, 0.015, 0.00585938, 0.985, 0.00585938
Fronds
0.714702, 0.857634, 0.0108838, 0.857634, 0.0108838, 0.397737, 0.714702, 0.397737
Billboards
0.991074, 0.453149, 0.729629, 0.453149, 0.729629, 0.391577, 0.991074, 0.391577
0.991074, 0.516626, 0.729629, 0.516626, 0.729629, 0.455054, 0.991074, 0.455054
0.991074, 0.580103, 0.729629, 0.580103, 0.729629, 0.51853, 0.991074, 0.51853
0.991074, 0.643579, 0.729629, 0.643579, 0.729629, 0.582007, 0.991074, 0.582007
0.991074, 0.707056, 0.729629, 0.707056, 0.729629, 0.645483, 0.991074, 0.645483
0.991074, 0.770532, 0.729629, 0.770532, 0.729629, 0.70896, 0.991074, 0.70896
