Cane_Small.spt
Leaves
0.985, 0.769531, 0.015, 0.769531, 0.015, 0.0117188, 0.985, 0.0117188
Fronds
0.985, 0.769531, 0.015, 0.769531, 0.015, 0.0117188, 0.985, 0.0117188
Billboards
0.89502, 0.941416, 0.800293, 0.941416, 0.800293, 0.878896, 0.89502, 0.878896
0.453613, 0.988291, 0.358887, 0.988291, 0.358887, 0.925771, 0.453613, 0.925771
0.355957, 0.988291, 0.26123, 0.988291, 0.26123, 0.925771, 0.355957, 0.925771
0.258301, 0.988291, 0.163574, 0.988291, 0.163574, 0.925771, 0.258301, 0.925771
Cane_Thin_Big.spt
Leaves
0.985, 0.769531, 0.015, 0.769531, 0.015, 0.0117188, 0.985, 0.0117188
0.985, 0.769531, 0.015, 0.769531, 0.015, 0.0117188, 0.985, 0.0117188
0.985, 0.769531, 0.015, 0.769531, 0.015, 0.0117188, 0.985, 0.0117188
Fronds
0.985, 0.769531, 0.015, 0.769531, 0.015, 0.0117188, 0.985, 0.0117188
Billboards
0.483896, 0.835117, 0.32665, 0.835117, 0.32665, 0.78207, 0.483896, 0.78207
0.159678, 0.889805, 0.00243164, 0.889805, 0.00243164, 0.836758, 0.159678, 0.836758
0.321787, 0.835117, 0.164541, 0.835117, 0.164541, 0.78207, 0.321787, 0.78207
0.159678, 0.835117, 0.00243164, 0.835117, 0.00243164, 0.78207, 0.159678, 0.78207
Cane.spt
Leaves
0.985, 0.769531, 0.015, 0.769531, 0.015, 0.0117188, 0.985, 0.0117188
0.985, 0.769531, 0.015, 0.769531, 0.015, 0.0117188, 0.985, 0.0117188
Fronds
0.985, 0.769531, 0.015, 0.769531, 0.015, 0.0117188, 0.985, 0.0117188
Billboards
0.640234, 0.868784, 0.488672, 0.868784, 0.488672, 0.782583, 0.640234, 0.782583
0.472266, 0.923472, 0.320703, 0.923472, 0.320703, 0.83727, 0.472266, 0.83727
0.153906, 0.978159, 0.00234375, 0.978159, 0.00234375, 0.891958, 0.153906, 0.891958
0.316016, 0.923472, 0.164453, 0.923472, 0.164453, 0.83727, 0.316016, 0.83727
Cane_Thin.spt
Leaves
0.985, 0.769531, 0.015, 0.769531, 0.015, 0.0117188, 0.985, 0.0117188
Fronds
0.985, 0.769531, 0.015, 0.769531, 0.015, 0.0117188, 0.985, 0.0117188
Billboards
0.640234, 0.965347, 0.488672, 0.965347, 0.488672, 0.871567, 0.640234, 0.871567
0.796484, 0.87648, 0.644922, 0.87648, 0.644922, 0.7827, 0.796484, 0.7827
0.796484, 0.973159, 0.644922, 0.973159, 0.644922, 0.87938, 0.796484, 0.87938
0.952734, 0.87648, 0.801172, 0.87648, 0.801172, 0.7827, 0.952734, 0.7827
