TreeSmall_Cluster_1.spt
Leaves
0.398713, 0.4925, 0.00607178, 0.4925, 0.00607178, 0.0075, 0.398713, 0.0075
Fronds
0.398713, 0.4925, 0.00607178, 0.4925, 0.00607178, 0.0075, 0.398713, 0.0075
Billboards
0.776978, 0.126001, 0.658569, 0.126001, 0.658569, 0.0644287, 0.776978, 0.0644287
0.525024, 0.580591, 0.406616, 0.580591, 0.406616, 0.519019, 0.525024, 0.519019
0.776978, 0.0625244, 0.658569, 0.0625244, 0.658569, 0.000952148, 0.776978, 0.000952148
0.370239, 0.667017, 0.251831, 0.667017, 0.251831, 0.605444, 0.370239, 0.605444
0.651978, 0.41897, 0.533569, 0.41897, 0.533569, 0.357397, 0.651978, 0.357397
0.651978, 0.355493, 0.533569, 0.355493, 0.533569, 0.293921, 0.651978, 0.293921
TreeSmall.spt
Leaves
0.398713, 0.4925, 0.00607178, 0.4925, 0.00607178, 0.0075, 0.398713, 0.0075
Fronds
0.398713, 0.4925, 0.00607178, 0.4925, 0.00607178, 0.0075, 0.398713, 0.0075
Billboards
0.123125, 0.592825, 0.001875, 0.592825, 0.001875, 0.501414, 0.123125, 0.501414
0.248125, 0.592825, 0.126875, 0.592825, 0.126875, 0.501414, 0.248125, 0.501414
0.52791, 0.412161, 0.40666, 0.412161, 0.40666, 0.32075, 0.52791, 0.32075
0.654863, 0.0928247, 0.533613, 0.0928247, 0.533613, 0.00141357, 0.654863, 0.00141357
0.654863, 0.187063, 0.533613, 0.187063, 0.533613, 0.0956519, 0.654863, 0.0956519
TreeSmall_2.spt
Leaves
0.398713, 0.4925, 0.00607178, 0.4925, 0.00607178, 0.0075, 0.398713, 0.0075
Fronds
0.398713, 0.4925, 0.00607178, 0.4925, 0.00607178, 0.0075, 0.398713, 0.0075
Billboards
0.7601, 0.888357, 0.655427, 0.888357, 0.655427, 0.773264, 0.7601, 0.773264
0.8851, 0.852224, 0.780427, 0.852224, 0.780427, 0.737131, 0.8851, 0.737131
0.99301, 0.852224, 0.888337, 0.852224, 0.888337, 0.737131, 0.99301, 0.737131
0.8851, 0.970876, 0.780427, 0.970876, 0.780427, 0.855784, 0.8851, 0.855784
0.99301, 0.970876, 0.888337, 0.970876, 0.888337, 0.855784, 0.99301, 0.855784
TreeSmall_3.spt
Leaves
0.398713, 0.4925, 0.00607178, 0.4925, 0.00607178, 0.0075, 0.398713, 0.0075
Fronds
0.398713, 0.4925, 0.00607178, 0.4925, 0.00607178, 0.0075, 0.398713, 0.0075
Billboards
0.897124, 0.120239, 0.78061, 0.120239, 0.78061, 0.00183105, 0.897124, 0.00183105
0.897124, 0.24231, 0.78061, 0.24231, 0.78061, 0.123901, 0.897124, 0.123901
0.650054, 0.703247, 0.53354, 0.703247, 0.53354, 0.584839, 0.650054, 0.584839
0.523101, 0.821899, 0.406587, 0.821899, 0.406587, 0.703491, 0.523101, 0.703491
0.897124, 0.36438, 0.78061, 0.36438, 0.78061, 0.245972, 0.897124, 0.245972
TreeSmall_4.spt
Leaves
0.398713, 0.4925, 0.00607178, 0.4925, 0.00607178, 0.0075, 0.398713, 0.0075
Fronds
0.398713, 0.4925, 0.00607178, 0.4925, 0.00607178, 0.0075, 0.398713, 0.0075
Billboards
0.519734, 0.94397, 0.406536, 0.94397, 0.406536, 0.825562, 0.519734, 0.825562
0.893757, 0.61145, 0.780559, 0.61145, 0.780559, 0.493042, 0.893757, 0.493042
0.768757, 0.769653, 0.655559, 0.769653, 0.655559, 0.651245, 0.768757, 0.651245
0.646687, 0.950317, 0.533489, 0.950317, 0.533489, 0.831909, 0.646687, 0.831909
0.893757, 0.733521, 0.780559, 0.733521, 0.780559, 0.615112, 0.893757, 0.615112
TreeSmall_5.spt
Leaves
0.398713, 0.4925, 0.00607178, 0.4925, 0.00607178, 0.0075, 0.398713, 0.0075
0.398713, 0.4925, 0.00607178, 0.4925, 0.00607178, 0.0075, 0.398713, 0.0075
Fronds
0.398713, 0.4925, 0.00607178, 0.4925, 0.00607178, 0.0075, 0.398713, 0.0075
Billboards
0.651978, 0.581206, 0.533569, 0.581206, 0.533569, 0.464692, 0.651978, 0.464692
0.525024, 0.699858, 0.406616, 0.699858, 0.406616, 0.583345, 0.525024, 0.583345
0.24231, 0.817046, 0.123901, 0.817046, 0.123901, 0.700532, 0.24231, 0.700532
0.370239, 0.786284, 0.251831, 0.786284, 0.251831, 0.66977, 0.370239, 0.66977
0.776978, 0.417144, 0.658569, 0.417144, 0.658569, 0.30063, 0.776978, 0.30063
0.120239, 0.860015, 0.00183105, 0.860015, 0.00183105, 0.743501, 0.120239, 0.743501
TreeSmall_6.spt
Leaves
0.398713, 0.4925, 0.00607178, 0.4925, 0.00607178, 0.0075, 0.398713, 0.0075
Fronds
0.398713, 0.4925, 0.00607178, 0.4925, 0.00607178, 0.0075, 0.398713, 0.0075
Billboards
0.370239, 0.602925, 0.251831, 0.602925, 0.251831, 0.501567, 0.370239, 0.501567
0.651978, 0.291401, 0.533569, 0.291401, 0.533569, 0.190044, 0.651978, 0.190044
0.525024, 0.516499, 0.406616, 0.516499, 0.406616, 0.415142, 0.525024, 0.415142
0.120239, 0.697163, 0.00183105, 0.697163, 0.00183105, 0.595806, 0.120239, 0.595806
0.24231, 0.697163, 0.123901, 0.697163, 0.123901, 0.595806, 0.24231, 0.595806
0.774048, 0.522847, 0.65564, 0.522847, 0.65564, 0.421489, 0.774048, 0.421489
TreeSmall_7.spt
Leaves
0.398713, 0.4925, 0.00607178, 0.4925, 0.00607178, 0.0075, 0.398713, 0.0075
0.398713, 0.4925, 0.00607178, 0.4925, 0.00607178, 0.0075, 0.398713, 0.0075
Fronds
0.398713, 0.4925, 0.00607178, 0.4925, 0.00607178, 0.0075, 0.398713, 0.0075
Billboards
0.649092, 0.828203, 0.533525, 0.828203, 0.533525, 0.706953, 0.649092, 0.706953
0.117354, 0.984941, 0.00178711, 0.984941, 0.00178711, 0.863691, 0.117354, 0.863691
0.896162, 0.489336, 0.780596, 0.489336, 0.780596, 0.368086, 0.896162, 0.368086
0.771162, 0.647539, 0.655596, 0.647539, 0.655596, 0.526289, 0.771162, 0.526289
0.239424, 0.941973, 0.123857, 0.941973, 0.123857, 0.820723, 0.239424, 0.820723
0.367354, 0.911211, 0.251787, 0.911211, 0.251787, 0.789961, 0.367354, 0.789961
TreeSmall_Cluster_2.spt
Leaves
0.398713, 0.4925, 0.00607178, 0.4925, 0.00607178, 0.0075, 0.398713, 0.0075
Fronds
0.398713, 0.4925, 0.00607178, 0.4925, 0.00607178, 0.0075, 0.398713, 0.0075
Billboards
0.529834, 0.318538, 0.406689, 0.318538, 0.406689, 0.266912, 0.529834, 0.266912
0.529834, 0.265315, 0.406689, 0.265315, 0.406689, 0.213689, 0.529834, 0.213689
0.529834, 0.212092, 0.406689, 0.212092, 0.406689, 0.160466, 0.529834, 0.160466
0.529834, 0.15887, 0.406689, 0.15887, 0.406689, 0.107244, 0.529834, 0.107244
0.529834, 0.105647, 0.406689, 0.105647, 0.406689, 0.054021, 0.529834, 0.054021
0.529834, 0.0524243, 0.406689, 0.0524243, 0.406689, 0.00079834, 0.529834, 0.00079834
TreeSmall_Cluster_Big_1.spt
Leaves
0.398713, 0.4925, 0.00607178, 0.4925, 0.00607178, 0.0075, 0.398713, 0.0075
Fronds
0.398713, 0.4925, 0.00607178, 0.4925, 0.00607178, 0.0075, 0.398713, 0.0075
Billboards
0.776978, 0.169277, 0.658569, 0.169277, 0.658569, 0.127598, 0.776978, 0.127598
0.651978, 0.462246, 0.533569, 0.462246, 0.533569, 0.420566, 0.651978, 0.420566
0.776978, 0.212246, 0.658569, 0.212246, 0.658569, 0.170566, 0.776978, 0.170566
0.776978, 0.255215, 0.658569, 0.255215, 0.658569, 0.213535, 0.776978, 0.213535
0.120239, 0.741055, 0.00183105, 0.741055, 0.00183105, 0.699375, 0.120239, 0.699375
0.776978, 0.298184, 0.658569, 0.298184, 0.658569, 0.256504, 0.776978, 0.256504
