Juniper_1.spt
Leaves
0.711816, 0.723359, 0.0108398, 0.723359, 0.0108398, 0.0110156, 0.711816, 0.0110156
Fronds
0.711816, 0.723359, 0.0108398, 0.723359, 0.0108398, 0.0110156, 0.711816, 0.0110156
Billboards
0.98574, 0.183245, 0.726663, 0.183245, 0.726663, 0.00279053, 0.98574, 0.00279053
0.263083, 0.91762, 0.00400635, 0.91762, 0.00400635, 0.737166, 0.263083, 0.737166
0.98574, 0.36928, 0.726663, 0.36928, 0.726663, 0.188826, 0.98574, 0.188826
0.530173, 0.91762, 0.271096, 0.91762, 0.271096, 0.737166, 0.530173, 0.737166
0.98574, 0.555315, 0.726663, 0.555315, 0.726663, 0.374861, 0.98574, 0.374861
0.797263, 0.91762, 0.538186, 0.91762, 0.538186, 0.737166, 0.797263, 0.737166
