TopolPyramid_1.spt
Leaves
0.5, 0.5, 0, 0.5, 0, 0, 0.5, 0
0.5, 1, 0, 1, 0, 0.5, 0.5, 0.5
Fronds
0.625, 0.5, 0.5, 0.5, 0.5, 0, 0.625, 0
Billboards
0.835938, 0.493164, 0.737305, 0.493164, 0.737305, 0.25, 0.835938, 0.25
0.710938, 0.743164, 0.612305, 0.743164, 0.612305, 0.5, 0.710938, 0.5
0.948242, 0.243164, 0.849609, 0.243164, 0.849609, 0, 0.948242, 0
0.80957, 0.743164, 0.710938, 0.743164, 0.710938, 0.5, 0.80957, 0.5
TopolPyramid_2.spt
Leaves
0.5, 0.5, 0, 0.5, 0, 0, 0.5, 0
0.5, 1, 0, 1, 0, 0.5, 0.5, 0.5
Fronds
0.625, 0.5, 0.5, 0.5, 0.5, 0, 0.625, 0
Billboards
0.737305, 0.25, 0.625, 0.25, 0.625, 0, 0.737305, 0
0.737305, 0.5, 0.625, 0.5, 0.625, 0.25, 0.737305, 0.25
0.612305, 0.75, 0.5, 0.75, 0.5, 0.5, 0.612305, 0.5
0.849609, 0.25, 0.737305, 0.25, 0.737305, 0, 0.849609, 0
