TreeForestLeaves03.spt
Leaves
0.4925, 0.4925, 0.0075, 0.4925, 0.0075, 0.0075, 0.4925, 0.0075
Fronds
0.4925, 0.9925, 0.0075, 0.9925, 0.0075, 0.5075, 0.4925, 0.5075
Billboards
0.765488, 0.162563, 0.504043, 0.162563, 0.504043, 0.00247559, 0.765488, 0.00247559
0.765488, 0.327603, 0.504043, 0.327603, 0.504043, 0.167515, 0.765488, 0.167515
0.765488, 0.492642, 0.504043, 0.492642, 0.504043, 0.332554, 0.765488, 0.332554
0.765488, 0.657681, 0.504043, 0.657681, 0.504043, 0.497593, 0.765488, 0.497593
0.765488, 0.82272, 0.504043, 0.82272, 0.504043, 0.662632, 0.765488, 0.662632
0.765488, 0.987759, 0.504043, 0.987759, 0.504043, 0.827671, 0.765488, 0.827671
