Furtree_Big_01_snow.spt
Leaves
0.4925, 0.4925, 0.0075, 0.4925, 0.0075, 0.0075, 0.4925, 0.0075
Fronds
0.4925, 0.4925, 0.0075, 0.4925, 0.0075, 0.0075, 0.4925, 0.0075
Billboards
0.403618, 0.663525, 0.296577, 0.663525, 0.296577, 0.50249, 0.403618, 0.50249
0.51397, 0.663525, 0.406929, 0.663525, 0.406929, 0.50249, 0.51397, 0.50249
0.624321, 0.663525, 0.51728, 0.663525, 0.51728, 0.50249, 0.624321, 0.50249
0.403618, 0.829541, 0.296577, 0.829541, 0.296577, 0.668506, 0.403618, 0.668506
0.858696, 0.163525, 0.751655, 0.163525, 0.751655, 0.00249023, 0.858696, 0.00249023
0.858696, 0.329541, 0.751655, 0.329541, 0.751655, 0.168506, 0.858696, 0.168506
Furtree_Big_02_snow.spt
Leaves
0.4925, 0.4925, 0.0075, 0.4925, 0.0075, 0.0075, 0.4925, 0.0075
Fronds
0.4925, 0.4925, 0.0075, 0.4925, 0.0075, 0.0075, 0.4925, 0.0075
0.74625, 0.4925, 0.50375, 0.4925, 0.50375, 0.0075, 0.74625, 0.0075
Billboards
0.505313, 0.83916, 0.406797, 0.83916, 0.406797, 0.668652, 0.505313, 0.668652
0.726016, 0.673145, 0.6275, 0.673145, 0.6275, 0.502637, 0.726016, 0.502637
0.100039, 0.986621, 0.00152344, 0.986621, 0.00152344, 0.816113, 0.100039, 0.816113
0.201602, 0.986621, 0.103086, 0.986621, 0.103086, 0.816113, 0.201602, 0.816113
0.850039, 0.505176, 0.751523, 0.505176, 0.751523, 0.334668, 0.850039, 0.334668
0.606875, 0.83916, 0.508359, 0.83916, 0.508359, 0.668652, 0.606875, 0.668652
Furtree_Big_03_snow.spt
Leaves
0.4925, 0.4925, 0.0075, 0.4925, 0.0075, 0.0075, 0.4925, 0.0075
Fronds
0.74625, 0.4925, 0.50375, 0.4925, 0.50375, 0.0075, 0.74625, 0.0075
0.4925, 0.4925, 0.0075, 0.4925, 0.0075, 0.0075, 0.4925, 0.0075
Billboards
0.941982, 0.495557, 0.852939, 0.495557, 0.852939, 0.334521, 0.941982, 0.334521
0.84042, 0.671338, 0.751377, 0.671338, 0.751377, 0.510303, 0.84042, 0.510303
0.385342, 0.995557, 0.296299, 0.995557, 0.296299, 0.834521, 0.385342, 0.834521
0.950772, 0.329541, 0.861728, 0.329541, 0.861728, 0.168506, 0.950772, 0.168506
0.950772, 0.163525, 0.861728, 0.163525, 0.861728, 0.00249023, 0.950772, 0.00249023
0.293545, 0.977002, 0.204502, 0.977002, 0.204502, 0.815967, 0.293545, 0.815967
Furtree_Small_01_01_snow.spt
Leaves
0.4925, 0.4925, 0.0075, 0.4925, 0.0075, 0.0075, 0.4925, 0.0075
Fronds
0.290498, 0.808774, 0.00442383, 0.808774, 0.00442383, 0.504702, 0.290498, 0.504702
0.74625, 0.4925, 0.50375, 0.4925, 0.50375, 0.0075, 0.74625, 0.0075
Billboards
0.855376, 0.92356, 0.786226, 0.92356, 0.786226, 0.843042, 0.855376, 0.843042
0.921782, 0.840552, 0.852632, 0.840552, 0.852632, 0.760034, 0.921782, 0.760034
0.784087, 0.92356, 0.714936, 0.92356, 0.714936, 0.843042, 0.784087, 0.843042
0.928618, 0.757544, 0.859468, 0.757544, 0.859468, 0.677026, 0.928618, 0.677026
0.988189, 0.672583, 0.919038, 0.672583, 0.919038, 0.592065, 0.988189, 0.592065
0.850493, 0.840552, 0.781343, 0.840552, 0.781343, 0.760034, 0.850493, 0.760034
Furtree_Small_01_snow.spt
Leaves
0.4925, 0.4925, 0.0075, 0.4925, 0.0075, 0.0075, 0.4925, 0.0075
Fronds
0.290498, 0.808774, 0.00442383, 0.808774, 0.00442383, 0.504702, 0.290498, 0.504702
Billboards
0.70293, 0.840552, 0.627148, 0.840552, 0.627148, 0.760034, 0.70293, 0.760034
0.91875, 0.589575, 0.842969, 0.589575, 0.842969, 0.509058, 0.91875, 0.509058
0.781055, 0.757544, 0.705273, 0.757544, 0.705273, 0.677026, 0.781055, 0.677026
0.560352, 0.92356, 0.48457, 0.92356, 0.48457, 0.843042, 0.560352, 0.843042
0.482227, 0.92356, 0.406445, 0.92356, 0.406445, 0.843042, 0.482227, 0.843042
0.70293, 0.757544, 0.627148, 0.757544, 0.627148, 0.677026, 0.70293, 0.677026
Furtree_Small_02_snow.spt
Leaves
0.4925, 0.4925, 0.0075, 0.4925, 0.0075, 0.0075, 0.4925, 0.0075
Fronds
0.290498, 0.808774, 0.00442383, 0.808774, 0.00442383, 0.504702, 0.290498, 0.504702
Billboards
0.712725, 0.92356, 0.638838, 0.92356, 0.638838, 0.843042, 0.712725, 0.843042
0.994951, 0.589575, 0.921064, 0.589575, 0.921064, 0.509058, 0.994951, 0.509058
0.779131, 0.840552, 0.705244, 0.840552, 0.705244, 0.760034, 0.779131, 0.760034
0.857256, 0.757544, 0.783369, 0.757544, 0.783369, 0.677026, 0.857256, 0.677026
0.916826, 0.672583, 0.842939, 0.672583, 0.842939, 0.592065, 0.916826, 0.592065
0.636553, 0.92356, 0.562666, 0.92356, 0.562666, 0.843042, 0.636553, 0.843042
Furtree_Small_03_bent_snow.spt
Leaves
0.4925, 0.4925, 0.0075, 0.4925, 0.0075, 0.0075, 0.4925, 0.0075
Fronds
0.290498, 0.808774, 0.00442383, 0.808774, 0.00442383, 0.504702, 0.290498, 0.504702
Billboards
0.988364, 0.752734, 0.930581, 0.752734, 0.930581, 0.676953, 0.988364, 0.676953
0.981528, 0.835742, 0.923745, 0.835742, 0.923745, 0.759961, 0.981528, 0.759961
0.915122, 0.91875, 0.857339, 0.91875, 0.857339, 0.842969, 0.915122, 0.842969
0.974692, 0.91875, 0.916909, 0.91875, 0.916909, 0.842969, 0.974692, 0.842969
0.915122, 0.996875, 0.857339, 0.996875, 0.857339, 0.921094, 0.915122, 0.921094
0.974692, 0.996875, 0.916909, 0.996875, 0.916909, 0.921094, 0.974692, 0.921094
Furtree_Small_04_bent_dead_tree_snow.spt
Leaves
0.4925, 0.4925, 0.0075, 0.4925, 0.0075, 0.0075, 0.4925, 0.0075
Fronds
0.74625, 0.4925, 0.50375, 0.4925, 0.50375, 0.0075, 0.74625, 0.0075
Billboards
0.996396, 0.067334, 0.952822, 0.067334, 0.952822, 0.00102539, 0.996396, 0.00102539
0.996396, 0.135693, 0.952822, 0.135693, 0.952822, 0.0693848, 0.996396, 0.0693848
0.996396, 0.204053, 0.952822, 0.204053, 0.952822, 0.137744, 0.996396, 0.137744
0.996396, 0.272412, 0.952822, 0.272412, 0.952822, 0.206104, 0.996396, 0.206104
0.996396, 0.340771, 0.952822, 0.340771, 0.952822, 0.274463, 0.996396, 0.274463
0.449521, 0.992139, 0.405947, 0.992139, 0.405947, 0.92583, 0.449521, 0.92583
Furtree_Small_05_dead_tree_snow.spt
Leaves
0.4925, 0.4925, 0.0075, 0.4925, 0.0075, 0.0075, 0.4925, 0.0075
Fronds
0.74625, 0.4925, 0.50375, 0.4925, 0.50375, 0.0075, 0.74625, 0.0075
Billboards
0.991587, 0.409131, 0.952749, 0.409131, 0.952749, 0.342822, 0.991587, 0.342822
0.489634, 0.992139, 0.450796, 0.992139, 0.450796, 0.92583, 0.489634, 0.92583
0.991587, 0.47749, 0.952749, 0.47749, 0.952749, 0.411182, 0.991587, 0.411182
0.529673, 0.992139, 0.490835, 0.992139, 0.490835, 0.92583, 0.529673, 0.92583
0.569712, 0.992139, 0.530874, 0.992139, 0.530874, 0.92583, 0.569712, 0.92583
0.609751, 0.992139, 0.570913, 0.992139, 0.570913, 0.92583, 0.609751, 0.92583
