TreeMedium_2024_2.spt
Leaves
0.961914, 0.495386, 0.0146484, 0.495386, 0.0146484, 0.00754395, 0.961914, 0.00754395
Fronds
0.961914, 0.495386, 0.0146484, 0.495386, 0.0146484, 0.00754395, 0.961914, 0.00754395
Billboards
0.24625, 0.57363, 0.00375, 0.57363, 0.00375, 0.504006, 0.24625, 0.504006
0.49625, 0.57363, 0.25375, 0.57363, 0.25375, 0.504006, 0.49625, 0.504006
0.74625, 0.57363, 0.50375, 0.57363, 0.50375, 0.504006, 0.74625, 0.504006
0.24625, 0.645408, 0.00375, 0.645408, 0.00375, 0.575784, 0.24625, 0.575784
0.49625, 0.645408, 0.25375, 0.645408, 0.25375, 0.575784, 0.49625, 0.575784
0.74625, 0.645408, 0.50375, 0.645408, 0.50375, 0.575784, 0.74625, 0.575784
