BigMangledTree_1.spt
Leaves
0.396309, 0.663721, 0.00603516, 0.663721, 0.00603516, 0.0101074, 0.396309, 0.0101074
0.396309, 0.663721, 0.00603516, 0.663721, 0.00603516, 0.0101074, 0.396309, 0.0101074
Fronds
0.396309, 0.663721, 0.00603516, 0.663721, 0.00603516, 0.0101074, 0.396309, 0.0101074
Billboards
0.62647, 0.218354, 0.405757, 0.218354, 0.405757, 0.0033252, 0.62647, 0.0033252
0.62647, 0.440034, 0.405757, 0.440034, 0.405757, 0.225005, 0.62647, 0.225005
0.62647, 0.661714, 0.405757, 0.661714, 0.405757, 0.446685, 0.62647, 0.446685
0.854009, 0.218354, 0.633296, 0.218354, 0.633296, 0.0033252, 0.854009, 0.0033252
0.854009, 0.440034, 0.633296, 0.440034, 0.633296, 0.225005, 0.854009, 0.225005
BigMangledTreeMushroom_1.spt
Leaves
0.396309, 0.663721, 0.00603516, 0.663721, 0.00603516, 0.0101074, 0.396309, 0.0101074
0.396309, 0.663721, 0.00603516, 0.663721, 0.00603516, 0.0101074, 0.396309, 0.0101074
Fronds
0.396309, 0.663721, 0.00603516, 0.663721, 0.00603516, 0.0101074, 0.396309, 0.0101074
Billboards
0.214507, 0.882563, 0.0032666, 0.882563, 0.0032666, 0.677007, 0.214507, 0.677007
0.43228, 0.882563, 0.22104, 0.882563, 0.22104, 0.677007, 0.43228, 0.677007
0.84439, 0.652095, 0.633149, 0.652095, 0.633149, 0.446538, 0.84439, 0.446538
0.650054, 0.882563, 0.438813, 0.882563, 0.438813, 0.677007, 0.650054, 0.677007
0.867827, 0.882563, 0.656587, 0.882563, 0.656587, 0.677007, 0.867827, 0.677007
