TreeBigOldMushroom_1.spt
Leaves
0.396309, 0.663721, 0.00603516, 0.663721, 0.00603516, 0.0101074, 0.396309, 0.0101074
0.396309, 0.663721, 0.00603516, 0.663721, 0.00603516, 0.0101074, 0.396309, 0.0101074
Fronds
0.396309, 0.663721, 0.00603516, 0.663721, 0.00603516, 0.0101074, 0.396309, 0.0101074
Billboards
0.55144, 0.146211, 0.404614, 0.146211, 0.404614, 0.00222656, 0.55144, 0.00222656
0.55144, 0.294648, 0.404614, 0.294648, 0.404614, 0.150664, 0.55144, 0.150664
0.55144, 0.443086, 0.404614, 0.443086, 0.404614, 0.299102, 0.55144, 0.299102
0.702808, 0.146211, 0.555981, 0.146211, 0.555981, 0.00222656, 0.702808, 0.00222656
0.702808, 0.294648, 0.555981, 0.294648, 0.555981, 0.150664, 0.702808, 0.150664
0.55144, 0.591523, 0.404614, 0.591523, 0.404614, 0.447539, 0.55144, 0.447539
TreeBigOldMushroom_2.spt
Leaves
0.396309, 0.663721, 0.00603516, 0.663721, 0.00603516, 0.0101074, 0.396309, 0.0101074
0.396309, 0.663721, 0.00603516, 0.663721, 0.00603516, 0.0101074, 0.396309, 0.0101074
Fronds
0.396309, 0.663721, 0.00603516, 0.663721, 0.00603516, 0.0101074, 0.396309, 0.0101074
Billboards
0.975693, 0.84645, 0.856338, 0.84645, 0.856338, 0.705308, 0.975693, 0.705308
0.826279, 0.933364, 0.706924, 0.933364, 0.706924, 0.792222, 0.826279, 0.792222
0.975693, 0.700942, 0.856338, 0.700942, 0.856338, 0.5598, 0.975693, 0.5598
0.674912, 0.97731, 0.555557, 0.97731, 0.555557, 0.836167, 0.674912, 0.836167
0.826279, 0.787856, 0.706924, 0.787856, 0.706924, 0.646714, 0.826279, 0.646714
0.975693, 0.555435, 0.856338, 0.555435, 0.856338, 0.414292, 0.975693, 0.414292
TreeBigOldMushroom_3.spt
Leaves
0.396309, 0.663721, 0.00603516, 0.663721, 0.00603516, 0.0101074, 0.396309, 0.0101074
0.396309, 0.663721, 0.00603516, 0.663721, 0.00603516, 0.0101074, 0.396309, 0.0101074
Fronds
0.396309, 0.663721, 0.00603516, 0.663721, 0.00603516, 0.0101074, 0.396309, 0.0101074
Billboards
0.994932, 0.410059, 0.856631, 0.410059, 0.856631, 0.277441, 0.994932, 0.277441
0.69415, 0.831934, 0.55585, 0.831934, 0.55585, 0.699316, 0.69415, 0.699316
0.845518, 0.64248, 0.707217, 0.64248, 0.707217, 0.509863, 0.845518, 0.509863
0.994932, 0.27334, 0.856631, 0.27334, 0.856631, 0.140723, 0.994932, 0.140723
0.995908, 0.134668, 0.857607, 0.134668, 0.857607, 0.00205078, 0.995908, 0.00205078
0.542783, 0.86709, 0.404482, 0.86709, 0.404482, 0.734473, 0.542783, 0.734473
TreeBigOldMushroom_4.spt
Leaves
0.396309, 0.663721, 0.00603516, 0.663721, 0.00603516, 0.0101074, 0.396309, 0.0101074
0.396309, 0.663721, 0.00603516, 0.663721, 0.00603516, 0.0101074, 0.396309, 0.0101074
Fronds
0.396309, 0.663721, 0.00603516, 0.663721, 0.00603516, 0.0101074, 0.396309, 0.0101074
Billboards
0.852251, 0.259873, 0.707319, 0.259873, 0.707319, 0.140518, 0.852251, 0.140518
0.852251, 0.38292, 0.707319, 0.38292, 0.707319, 0.263564, 0.852251, 0.263564
0.700884, 0.69542, 0.555952, 0.69542, 0.555952, 0.576064, 0.700884, 0.576064
0.852251, 0.505967, 0.707319, 0.505967, 0.707319, 0.386611, 0.852251, 0.386611
0.147173, 0.933701, 0.00224121, 0.933701, 0.00224121, 0.814346, 0.147173, 0.814346
0.296587, 0.933701, 0.151655, 0.933701, 0.151655, 0.814346, 0.296587, 0.814346
TreeBigOldMushroom_5.spt
Leaves
0.396309, 0.663721, 0.00603516, 0.663721, 0.00603516, 0.0101074, 0.396309, 0.0101074
0.396309, 0.663721, 0.00603516, 0.663721, 0.00603516, 0.0101074, 0.396309, 0.0101074
Fronds
0.396309, 0.663721, 0.00603516, 0.663721, 0.00603516, 0.0101074, 0.396309, 0.0101074
Billboards
0.701846, 0.433467, 0.555967, 0.433467, 0.555967, 0.298955, 0.701846, 0.298955
0.148135, 0.81042, 0.00225586, 0.81042, 0.00225586, 0.675908, 0.148135, 0.675908
0.298525, 0.81042, 0.152646, 0.81042, 0.152646, 0.675908, 0.298525, 0.675908
0.701846, 0.572139, 0.555967, 0.572139, 0.555967, 0.437627, 0.701846, 0.437627
0.853213, 0.136592, 0.707334, 0.136592, 0.707334, 0.00208008, 0.853213, 0.00208008
0.550479, 0.730342, 0.4046, 0.730342, 0.4046, 0.59583, 0.550479, 0.59583
