Bush_Birch_One.spt
Leaves
0.985, 0.786846, 0.015, 0.786846, 0.015, 0.0119824, 0.985, 0.0119824
0.985, 0.786846, 0.015, 0.786846, 0.015, 0.0119824, 0.985, 0.0119824
0.985, 0.786846, 0.015, 0.786846, 0.015, 0.0119824, 0.985, 0.0119824
Fronds
0.985, 0.786846, 0.015, 0.786846, 0.015, 0.0119824, 0.985, 0.0119824
Billboards
0.9946, 0.938398, 0.897979, 0.938398, 0.897979, 0.870195, 0.9946, 0.870195
0.9946, 0.868086, 0.897979, 0.868086, 0.897979, 0.799883, 0.9946, 0.799883
0.89499, 0.938398, 0.798369, 0.938398, 0.798369, 0.870195, 0.89499, 0.870195
0.89499, 0.868086, 0.798369, 0.868086, 0.798369, 0.799883, 0.89499, 0.799883
0.795381, 0.929609, 0.69876, 0.929609, 0.69876, 0.861406, 0.795381, 0.861406
0.695772, 0.991133, 0.59915, 0.991133, 0.59915, 0.92293, 0.695772, 0.92293
Bush_Birch.spt
Leaves
0.985, 0.786846, 0.015, 0.786846, 0.015, 0.0119824, 0.985, 0.0119824
0.985, 0.786846, 0.015, 0.786846, 0.015, 0.0119824, 0.985, 0.0119824
Fronds
0.985, 0.786846, 0.015, 0.786846, 0.015, 0.0119824, 0.985, 0.0119824
Billboards
0.496553, 0.961968, 0.399932, 0.961968, 0.399932, 0.90229, 0.496553, 0.90229
0.596162, 0.911187, 0.499541, 0.911187, 0.499541, 0.851509, 0.596162, 0.851509
0.695772, 0.859429, 0.59915, 0.859429, 0.59915, 0.799751, 0.695772, 0.799751
0.596162, 0.97271, 0.499541, 0.97271, 0.499541, 0.913032, 0.596162, 0.913032
0.695772, 0.920952, 0.59915, 0.920952, 0.59915, 0.861274, 0.695772, 0.861274
0.795381, 0.859429, 0.69876, 0.859429, 0.69876, 0.799751, 0.795381, 0.799751
Bush_Birch_Cluster.spt
Leaves
0.985, 0.786846, 0.015, 0.786846, 0.015, 0.0119824, 0.985, 0.0119824
0.985, 0.786846, 0.015, 0.786846, 0.015, 0.0119824, 0.985, 0.0119824
0.985, 0.786846, 0.015, 0.786846, 0.015, 0.0119824, 0.985, 0.0119824
Fronds
0.985, 0.786846, 0.015, 0.786846, 0.015, 0.0119824, 0.985, 0.0119824
Billboards
0.297334, 0.88791, 0.200713, 0.88791, 0.200713, 0.838652, 0.297334, 0.838652
0.0981152, 0.926973, 0.00149414, 0.926973, 0.00149414, 0.877715, 0.0981152, 0.877715
0.197725, 0.926973, 0.101104, 0.926973, 0.101104, 0.877715, 0.197725, 0.877715
0.396943, 0.88791, 0.300322, 0.88791, 0.300322, 0.838652, 0.396943, 0.838652
0.496553, 0.848848, 0.399932, 0.848848, 0.399932, 0.79959, 0.496553, 0.79959
0.297334, 0.938691, 0.200713, 0.938691, 0.200713, 0.889434, 0.297334, 0.889434
Bush_Birch_Cluster_Small.spt
Leaves
0.985, 0.786846, 0.015, 0.786846, 0.015, 0.0119824, 0.985, 0.0119824
0.985, 0.786846, 0.015, 0.786846, 0.015, 0.0119824, 0.985, 0.0119824
0.985, 0.786846, 0.015, 0.786846, 0.015, 0.0119824, 0.985, 0.0119824
Fronds
0.985, 0.786846, 0.015, 0.786846, 0.015, 0.0119824, 0.985, 0.0119824
Billboards
0.0981152, 0.978716, 0.00149414, 0.978716, 0.00149414, 0.928511, 0.0981152, 0.928511
0.197725, 0.978716, 0.101104, 0.978716, 0.101104, 0.928511, 0.197725, 0.928511
0.396943, 0.939653, 0.300322, 0.939653, 0.300322, 0.889448, 0.396943, 0.889448
0.496553, 0.900591, 0.399932, 0.900591, 0.399932, 0.850386, 0.496553, 0.850386
0.596162, 0.84981, 0.499541, 0.84981, 0.499541, 0.799604, 0.596162, 0.799604
0.297334, 0.990435, 0.200713, 0.990435, 0.200713, 0.940229, 0.297334, 0.940229
Bush_Birch_Cluster_Thin.spt
Leaves
0.985, 0.786846, 0.015, 0.786846, 0.015, 0.0119824, 0.985, 0.0119824
0.985, 0.786846, 0.015, 0.786846, 0.015, 0.0119824, 0.985, 0.0119824
Fronds
0.985, 0.786846, 0.015, 0.786846, 0.015, 0.0119824, 0.985, 0.0119824
Billboards
0.396943, 0.837305, 0.300322, 0.837305, 0.300322, 0.799414, 0.396943, 0.799414
0.197725, 0.876367, 0.101104, 0.876367, 0.101104, 0.838477, 0.197725, 0.838477
0.0981152, 0.876367, 0.00149414, 0.876367, 0.00149414, 0.838477, 0.0981152, 0.838477
0.297334, 0.837305, 0.200713, 0.837305, 0.200713, 0.799414, 0.297334, 0.799414
0.197725, 0.837305, 0.101104, 0.837305, 0.101104, 0.799414, 0.197725, 0.799414
0.0981152, 0.837305, 0.00149414, 0.837305, 0.00149414, 0.799414, 0.0981152, 0.799414
