TreeForestLeaves_thin_01.spt
Leaves
0.4925, 0.24625, 0.0075, 0.24625, 0.0075, 0.00375, 0.4925, 0.00375
0.4925, 0.24625, 0.0075, 0.24625, 0.0075, 0.00375, 0.4925, 0.00375
Fronds
0.322241, 0.529436, 0.00490723, 0.529436, 0.00490723, 0.254255, 0.322241, 0.254255
Billboards
0.770298, 0.177473, 0.504116, 0.177473, 0.504116, 0.00270264, 0.770298, 0.00270264
0.597446, 0.427473, 0.331265, 0.427473, 0.331265, 0.252703, 0.597446, 0.252703
0.87186, 0.427473, 0.605679, 0.427473, 0.605679, 0.252703, 0.87186, 0.252703
0.597446, 0.607649, 0.331265, 0.607649, 0.331265, 0.432878, 0.597446, 0.432878
0.87186, 0.607649, 0.605679, 0.607649, 0.605679, 0.432878, 0.87186, 0.432878
TreeForestLeaves_thin_02.spt
Leaves
0.4925, 0.24625, 0.0075, 0.24625, 0.0075, 0.00375, 0.4925, 0.00375
0.4925, 0.24625, 0.0075, 0.24625, 0.0075, 0.00375, 0.4925, 0.00375
Fronds
0.322241, 0.529436, 0.00490723, 0.529436, 0.00490723, 0.254255, 0.322241, 0.254255
Billboards
0.223164, 0.695293, 0.00339844, 0.695293, 0.00339844, 0.536152, 0.223164, 0.536152
0.550313, 0.771953, 0.330547, 0.771953, 0.330547, 0.612813, 0.550313, 0.612813
0.776875, 0.771953, 0.557109, 0.771953, 0.557109, 0.612813, 0.776875, 0.612813
0.223164, 0.859355, 0.00339844, 0.859355, 0.00339844, 0.700215, 0.223164, 0.700215
0.550313, 0.936016, 0.330547, 0.936016, 0.330547, 0.776875, 0.550313, 0.776875
TreeForestLeaves_thin_03.spt
Leaves
0.4925, 0.24625, 0.0075, 0.24625, 0.0075, 0.00375, 0.4925, 0.00375
0.4925, 0.24625, 0.0075, 0.24625, 0.0075, 0.00375, 0.4925, 0.00375
Fronds
0.322241, 0.529436, 0.00490723, 0.529436, 0.00490723, 0.254255, 0.322241, 0.254255
Billboards
0.937939, 0.135149, 0.776904, 0.135149, 0.776904, 0.00205811, 0.937939, 0.00205811
0.943799, 0.745501, 0.782764, 0.745501, 0.782764, 0.61241, 0.943799, 0.61241
0.717236, 0.909563, 0.556201, 0.909563, 0.556201, 0.776472, 0.717236, 0.776472
0.943799, 0.882708, 0.782764, 0.882708, 0.782764, 0.749617, 0.943799, 0.749617
0.163525, 0.996965, 0.00249023, 0.996965, 0.00249023, 0.863874, 0.163525, 0.863874
