ScotPineMedium.spt
Leaves
0.985, 0.4925, 0.015, 0.4925, 0.015, 0.0075, 0.985, 0.0075
Fronds
0.985, 0.4925, 0.015, 0.4925, 0.015, 0.0075, 0.985, 0.0075
Billboards
0.725088, 0.83083, 0.503428, 0.83083, 0.503428, 0.753154, 0.725088, 0.753154
0.953604, 0.83083, 0.731943, 0.83083, 0.731943, 0.753154, 0.953604, 0.753154
0.725088, 0.910908, 0.503428, 0.910908, 0.503428, 0.833232, 0.725088, 0.833232
0.953604, 0.910908, 0.731943, 0.910908, 0.731943, 0.833232, 0.953604, 0.833232
0.725088, 0.990986, 0.503428, 0.990986, 0.503428, 0.913311, 0.725088, 0.913311
0.953604, 0.990986, 0.731943, 0.990986, 0.731943, 0.913311, 0.953604, 0.913311
ScotPineSmall.spt
Leaves
0.4925, 0.9925, 0.0075, 0.9925, 0.0075, 0.5075, 0.4925, 0.5075
Fronds
0.985, 0.4925, 0.015, 0.4925, 0.015, 0.0075, 0.985, 0.0075
Billboards
0.736631, 0.582725, 0.503604, 0.582725, 0.503604, 0.50126, 0.736631, 0.50126
0.976865, 0.582725, 0.743838, 0.582725, 0.743838, 0.50126, 0.976865, 0.50126
0.736631, 0.666709, 0.503604, 0.666709, 0.503604, 0.585244, 0.736631, 0.585244
0.976865, 0.666709, 0.743838, 0.666709, 0.743838, 0.585244, 0.976865, 0.585244
0.736631, 0.750693, 0.503604, 0.750693, 0.503604, 0.669228, 0.736631, 0.669228
0.976865, 0.750693, 0.743838, 0.750693, 0.743838, 0.669228, 0.976865, 0.669228
