Furtree_Old_1.spt
Leaves
0.519434, 0.893145, 0.00791016, 0.893145, 0.00791016, 0.677168, 0.519434, 0.677168
0.519434, 0.893145, 0.00791016, 0.893145, 0.00791016, 0.677168, 0.519434, 0.677168
0.519434, 0.893145, 0.00791016, 0.893145, 0.00791016, 0.677168, 0.519434, 0.677168
Fronds
0.792617, 0.663721, 0.0120703, 0.663721, 0.0120703, 0.0101074, 0.792617, 0.0101074
Billboards
0.103887, 0.996523, 0.00158203, 0.996523, 0.00158203, 0.898008, 0.103887, 0.898008
0.209355, 0.996523, 0.107051, 0.996523, 0.107051, 0.898008, 0.209355, 0.898008
0.314824, 0.996523, 0.21252, 0.996523, 0.21252, 0.898008, 0.314824, 0.898008
0.420293, 0.996523, 0.317988, 0.996523, 0.317988, 0.898008, 0.420293, 0.898008
0.525762, 0.996523, 0.423457, 0.996523, 0.423457, 0.898008, 0.525762, 0.898008
Furtree_Old_2.spt
Leaves
0.519434, 0.893145, 0.00791016, 0.893145, 0.00791016, 0.677168, 0.519434, 0.677168
0.519434, 0.893145, 0.00791016, 0.893145, 0.00791016, 0.677168, 0.519434, 0.677168
0.519434, 0.893145, 0.00791016, 0.893145, 0.00791016, 0.677168, 0.519434, 0.677168
Fronds
0.792617, 0.663721, 0.0120703, 0.663721, 0.0120703, 0.0101074, 0.792617, 0.0101074
Billboards
0.977832, 0.183726, 0.807324, 0.183726, 0.807324, 0.00279785, 0.977832, 0.00279785
0.977832, 0.370249, 0.807324, 0.370249, 0.807324, 0.189321, 0.977832, 0.189321
0.977832, 0.556772, 0.807324, 0.556772, 0.807324, 0.375845, 0.977832, 0.375845
0.977832, 0.743296, 0.807324, 0.743296, 0.807324, 0.562368, 0.977832, 0.562368
Furtree_Old_3.spt
Leaves
0.519434, 0.893145, 0.00791016, 0.893145, 0.00791016, 0.677168, 0.519434, 0.677168
0.519434, 0.893145, 0.00791016, 0.893145, 0.00791016, 0.677168, 0.519434, 0.677168
0.519434, 0.893145, 0.00791016, 0.893145, 0.00791016, 0.677168, 0.519434, 0.677168
Fronds
0.792617, 0.663721, 0.0120703, 0.663721, 0.0120703, 0.0101074, 0.792617, 0.0101074
Billboards
0.648545, 0.829658, 0.529189, 0.829658, 0.529189, 0.676201, 0.648545, 0.676201
0.771592, 0.829658, 0.652236, 0.829658, 0.652236, 0.676201, 0.771592, 0.676201
0.925889, 0.901924, 0.806533, 0.901924, 0.806533, 0.748467, 0.925889, 0.748467
0.648545, 0.987861, 0.529189, 0.987861, 0.529189, 0.834404, 0.648545, 0.834404
0.771592, 0.987861, 0.652236, 0.987861, 0.652236, 0.834404, 0.771592, 0.834404
