TreeForestLeaves_Dry01.spt
Leaves
0.4925, 0.4925, 0.0075, 0.4925, 0.0075, 0.0075, 0.4925, 0.0075
0.4925, 0.4925, 0.0075, 0.4925, 0.0075, 0.0075, 0.4925, 0.0075
Fronds
0.4925, 0.4925, 0.0075, 0.4925, 0.0075, 0.0075, 0.4925, 0.0075
Billboards
0.685601, 0.530781, 0.625923, 0.530781, 0.625923, 0.500469, 0.685601, 0.500469
0.498101, 0.57668, 0.438423, 0.57668, 0.438423, 0.546367, 0.498101, 0.546367
0.435601, 0.577656, 0.375923, 0.577656, 0.375923, 0.547344, 0.435601, 0.547344
0.310601, 0.599629, 0.250923, 0.599629, 0.250923, 0.569316, 0.310601, 0.569316
0.560601, 0.557148, 0.500923, 0.557148, 0.500923, 0.526836, 0.560601, 0.526836
0.373101, 0.596699, 0.313423, 0.596699, 0.313423, 0.566387, 0.373101, 0.566387
TreeForestLeaves_Dry02.spt
Leaves
0.4925, 0.4925, 0.0075, 0.4925, 0.0075, 0.0075, 0.4925, 0.0075
0.4925, 0.4925, 0.0075, 0.4925, 0.0075, 0.0075, 0.4925, 0.0075
Fronds
0.4925, 0.4925, 0.0075, 0.4925, 0.0075, 0.0075, 0.4925, 0.0075
Billboards
0.624062, 0.527415, 0.563438, 0.527415, 0.563438, 0.500417, 0.624062, 0.500417
0.249063, 0.591868, 0.188438, 0.591868, 0.188438, 0.564871, 0.249063, 0.564871
0.186563, 0.588938, 0.125938, 0.588938, 0.125938, 0.561941, 0.186563, 0.561941
0.0615625, 0.591379, 0.0009375, 0.591379, 0.0009375, 0.564382, 0.0615625, 0.564382
0.124063, 0.588938, 0.0634375, 0.588938, 0.0634375, 0.561941, 0.124063, 0.561941
0.499063, 0.545481, 0.438437, 0.545481, 0.438437, 0.518484, 0.499063, 0.518484
TreeForestLeaves_Dry03.spt
Leaves
0.4925, 0.4925, 0.0075, 0.4925, 0.0075, 0.0075, 0.4925, 0.0075
0.4925, 0.4925, 0.0075, 0.4925, 0.0075, 0.0075, 0.4925, 0.0075
Fronds
0.4925, 0.4925, 0.0075, 0.4925, 0.0075, 0.0075, 0.4925, 0.0075
Billboards
0.311563, 0.521643, 0.250937, 0.521643, 0.250937, 0.50033, 0.311563, 0.50033
0.249063, 0.521643, 0.188438, 0.521643, 0.188438, 0.50033, 0.249063, 0.50033
0.186563, 0.521643, 0.125938, 0.521643, 0.125938, 0.50033, 0.186563, 0.50033
0.124063, 0.521643, 0.0634375, 0.521643, 0.0634375, 0.50033, 0.124063, 0.50033
0.0615625, 0.521643, 0.0009375, 0.521643, 0.0009375, 0.50033, 0.0615625, 0.50033
0.249063, 0.564124, 0.188438, 0.564124, 0.188438, 0.54281, 0.249063, 0.54281
TreeForestLeaves_Dry04.spt
Leaves
0.4925, 0.4925, 0.0075, 0.4925, 0.0075, 0.0075, 0.4925, 0.0075
0.4925, 0.4925, 0.0075, 0.4925, 0.0075, 0.0075, 0.4925, 0.0075
Fronds
0.4925, 0.4925, 0.0075, 0.4925, 0.0075, 0.0075, 0.4925, 0.0075
Billboards
0.179102, 0.620137, 0.141211, 0.620137, 0.141211, 0.589824, 0.179102, 0.589824
0.0384766, 0.622578, 0.000585937, 0.622578, 0.000585937, 0.592266, 0.0384766, 0.592266
0.140039, 0.620137, 0.102148, 0.620137, 0.102148, 0.589824, 0.140039, 0.589824
0.100977, 0.620137, 0.0630859, 0.620137, 0.0630859, 0.589824, 0.100977, 0.589824
0.600977, 0.558613, 0.563086, 0.558613, 0.563086, 0.528301, 0.600977, 0.528301
0.225977, 0.623066, 0.188086, 0.623066, 0.188086, 0.592754, 0.225977, 0.592754
TreeForestLeaves_Sphere_01.spt
Leaves
0.4925, 0.4925, 0.0075, 0.4925, 0.0075, 0.0075, 0.4925, 0.0075
0.4925, 0.4925, 0.0075, 0.4925, 0.0075, 0.0075, 0.4925, 0.0075
Fronds
0.9925, 0.49625, 0.5075, 0.49625, 0.5075, 0.25375, 0.9925, 0.25375
Billboards
0.0615625, 0.563657, 0.0009375, 0.563657, 0.0009375, 0.543765, 0.0615625, 0.543765
0.311563, 0.542173, 0.250937, 0.542173, 0.250937, 0.52228, 0.311563, 0.52228
0.436563, 0.5202, 0.375937, 0.5202, 0.375937, 0.500308, 0.436563, 0.500308
0.249063, 0.542173, 0.188438, 0.542173, 0.188438, 0.52228, 0.249063, 0.52228
TreeForestLeaves_Sphere_02.spt
Leaves
0.4925, 0.4925, 0.0075, 0.4925, 0.0075, 0.0075, 0.4925, 0.0075
0.4925, 0.4925, 0.0075, 0.4925, 0.0075, 0.0075, 0.4925, 0.0075
Fronds
0.9925, 0.49625, 0.5075, 0.49625, 0.5075, 0.25375, 0.9925, 0.25375
Billboards
0.374063, 0.565522, 0.313437, 0.565522, 0.313437, 0.539946, 0.374063, 0.539946
0.561562, 0.525972, 0.500938, 0.525972, 0.500938, 0.500396, 0.561562, 0.500396
0.311563, 0.568452, 0.250937, 0.568452, 0.250937, 0.542876, 0.311563, 0.542876
0.436563, 0.546479, 0.375937, 0.546479, 0.375937, 0.520903, 0.436563, 0.520903
TreeForestLeaves01.spt
Leaves
0.9925, 0.24625, 0.5075, 0.24625, 0.5075, 0.00375, 0.9925, 0.00375
Fronds
0.4925, 0.4925, 0.0075, 0.4925, 0.0075, 0.0075, 0.4925, 0.0075
Billboards
0.124063, 0.561252, 0.0634375, 0.561252, 0.0634375, 0.543728, 0.124063, 0.543728
0.374063, 0.53928, 0.313437, 0.53928, 0.313437, 0.521755, 0.374063, 0.521755
0.499063, 0.517795, 0.438437, 0.517795, 0.438437, 0.500271, 0.499063, 0.500271
0.186563, 0.561252, 0.125938, 0.561252, 0.125938, 0.543728, 0.186563, 0.543728
TreeForestLeaves03.spt
Leaves
0.9925, 0.24625, 0.5075, 0.24625, 0.5075, 0.00375, 0.9925, 0.00375
Fronds
0.9925, 0.49625, 0.5075, 0.49625, 0.5075, 0.25375, 0.9925, 0.25375
Billboards
0.186563, 0.543135, 0.125938, 0.543135, 0.125938, 0.522295, 0.186563, 0.522295
0.374063, 0.521162, 0.313437, 0.521162, 0.313437, 0.500322, 0.374063, 0.500322
0.124063, 0.543135, 0.0634375, 0.543135, 0.0634375, 0.522295, 0.124063, 0.522295
0.0615625, 0.543135, 0.0009375, 0.543135, 0.0009375, 0.522295, 0.0615625, 0.522295
