Thicket_RT.spt
Leaves
0.5, 0.5, 0, 0.5, 0, 0, 0.5, 0
0.5, 1, 0, 1, 0, 0.5, 0.5, 0.5
Fronds
0.5, 0.5, 0, 0.5, 0, 0, 0.5, 0
Billboards
0.800781, 0.591797, 0.5, 0.591797, 0.5, 0.5, 0.800781, 0.5
0.800781, 0.683594, 0.5, 0.683594, 0.5, 0.591797, 0.800781, 0.591797
0.800781, 0.775391, 0.5, 0.775391, 0.5, 0.683594, 0.800781, 0.683594
0.800781, 0.867188, 0.5, 0.867188, 0.5, 0.775391, 0.800781, 0.775391
Thicket_RT_Winter.spt
Leaves
1, 0.5, 0.5, 0.5, 0.5, 0, 1, 0
Fronds
0.5, 0.5, 0, 0.5, 0, 0, 0.5, 0
Billboards
0.703125, 0.933594, 0.5, 0.933594, 0.5, 0.867188, 0.703125, 0.867188
0.703125, 1, 0.5, 1, 0.5, 0.933594, 0.703125, 0.933594
0.90625, 0.933594, 0.703125, 0.933594, 0.703125, 0.867188, 0.90625, 0.867188
0.90625, 1, 0.703125, 1, 0.703125, 0.933594, 0.90625, 0.933594
