dead_tree_01_big.spt
Leaves
0.4925, 0.4925, 0.0075, 0.4925, 0.0075, 0.0075, 0.4925, 0.0075
Fronds
0.4925, 0.4925, 0.0075, 0.4925, 0.0075, 0.0075, 0.4925, 0.0075
Billboards
0.997891, 0.99625, 0.861484, 0.99625, 0.861484, 0.75375, 0.997891, 0.75375
0.857266, 0.99625, 0.720859, 0.99625, 0.720859, 0.75375, 0.857266, 0.75375
0.716641, 0.99625, 0.580234, 0.99625, 0.580234, 0.75375, 0.716641, 0.75375
0.576016, 0.99625, 0.439609, 0.99625, 0.439609, 0.75375, 0.576016, 0.75375
0.435391, 0.99625, 0.298984, 0.99625, 0.298984, 0.75375, 0.435391, 0.75375
0.294766, 0.99625, 0.158359, 0.99625, 0.158359, 0.75375, 0.294766, 0.75375
dead_tree_02_medium.spt
Leaves
0.4925, 0.4925, 0.0075, 0.4925, 0.0075, 0.0075, 0.4925, 0.0075
Fronds
0.4925, 0.4925, 0.0075, 0.4925, 0.0075, 0.0075, 0.4925, 0.0075
Billboards
0.153906, 0.99625, 0.00234375, 0.99625, 0.00234375, 0.75375, 0.153906, 0.75375
0.983984, 0.74625, 0.832422, 0.74625, 0.832422, 0.50375, 0.983984, 0.50375
0.827734, 0.74625, 0.676172, 0.74625, 0.676172, 0.50375, 0.827734, 0.50375
0.671484, 0.74625, 0.519922, 0.74625, 0.519922, 0.50375, 0.671484, 0.50375
0.515234, 0.74625, 0.363672, 0.74625, 0.363672, 0.50375, 0.515234, 0.50375
0.358984, 0.74625, 0.207422, 0.74625, 0.207422, 0.50375, 0.358984, 0.50375
dead_tree_03_medium.spt
Leaves
0.4925, 0.4925, 0.0075, 0.4925, 0.0075, 0.0075, 0.4925, 0.0075
Fronds
0.4925, 0.4925, 0.0075, 0.4925, 0.0075, 0.0075, 0.4925, 0.0075
Billboards
0.202002, 0.74625, 0.00307617, 0.74625, 0.00307617, 0.50375, 0.202002, 0.50375
0.90708, 0.49625, 0.708154, 0.49625, 0.708154, 0.25375, 0.90708, 0.25375
0.702002, 0.49625, 0.503076, 0.49625, 0.503076, 0.25375, 0.702002, 0.25375
0.90708, 0.24625, 0.708154, 0.24625, 0.708154, 0.00375, 0.90708, 0.00375
0.702002, 0.24625, 0.503076, 0.24625, 0.503076, 0.00375, 0.702002, 0.00375
