dead_tree_06_vbig.spt
Leaves
0.544102, 0.585117, 0.301602, 0.585117, 0.301602, 0.342617, 0.544102, 0.342617
Fronds
0.544102, 0.585117, 0.301602, 0.585117, 0.301602, 0.342617, 0.544102, 0.342617
Billboards
0.53833, 0.723535, 0.301514, 0.723535, 0.301514, 0.590918, 0.53833, 0.590918
0.240479, 0.730859, 0.00366211, 0.730859, 0.00366211, 0.598242, 0.240479, 0.598242
0.836182, 0.564355, 0.599365, 0.564355, 0.599365, 0.431738, 0.836182, 0.431738
0.240479, 0.594141, 0.00366211, 0.594141, 0.00366211, 0.461523, 0.240479, 0.461523
0.836182, 0.427637, 0.599365, 0.427637, 0.599365, 0.29502, 0.836182, 0.29502
dead_tree_07_vbig.spt
Leaves
0.544102, 0.585117, 0.301602, 0.585117, 0.301602, 0.342617, 0.544102, 0.342617
Fronds
0.544102, 0.585117, 0.301602, 0.585117, 0.301602, 0.342617, 0.544102, 0.342617
Billboards
0.816943, 0.992002, 0.599072, 0.992002, 0.599072, 0.853701, 0.816943, 0.853701
0.816943, 0.849424, 0.599072, 0.849424, 0.599072, 0.711123, 0.816943, 0.711123
0.519092, 0.866025, 0.301221, 0.866025, 0.301221, 0.727725, 0.519092, 0.727725
0.22124, 0.87335, 0.00336914, 0.87335, 0.00336914, 0.735049, 0.22124, 0.735049
0.816943, 0.706846, 0.599072, 0.706846, 0.599072, 0.568545, 0.816943, 0.568545
dead_tree_08_small.spt
Leaves
0.544102, 0.585117, 0.301602, 0.585117, 0.301602, 0.342617, 0.544102, 0.342617
Fronds
0.544102, 0.585117, 0.301602, 0.585117, 0.301602, 0.342617, 0.544102, 0.342617
Billboards
0.995503, 0.788643, 0.894145, 0.788643, 0.894145, 0.635186, 0.995503, 0.635186
0.995503, 0.630439, 0.894145, 0.630439, 0.894145, 0.476982, 0.995503, 0.476982
0.995503, 0.472236, 0.894145, 0.472236, 0.894145, 0.318779, 0.995503, 0.318779
0.995503, 0.314033, 0.894145, 0.314033, 0.894145, 0.160576, 0.995503, 0.160576
0.995503, 0.15583, 0.894145, 0.15583, 0.894145, 0.00237305, 0.995503, 0.00237305
dead_tree_09_cluster.spt
Leaves
0.544102, 0.585117, 0.301602, 0.585117, 0.301602, 0.342617, 0.544102, 0.342617
Fronds
0.544102, 0.585117, 0.301602, 0.585117, 0.301602, 0.342617, 0.544102, 0.342617
Billboards
0.293384, 0.360007, 0.00446777, 0.360007, 0.00446777, 0.24302, 0.293384, 0.24302
0.591235, 0.239402, 0.302319, 0.239402, 0.302319, 0.122415, 0.591235, 0.122415
0.591235, 0.118796, 0.302319, 0.118796, 0.302319, 0.00180908, 0.591235, 0.00180908
0.293384, 0.239402, 0.00446777, 0.239402, 0.00446777, 0.122415, 0.293384, 0.122415
0.293384, 0.118796, 0.00446777, 0.118796, 0.00446777, 0.00180908, 0.293384, 0.00180908
dead_tree_10_cluster_line.spt
Leaves
0.544102, 0.585117, 0.301602, 0.585117, 0.301602, 0.342617, 0.544102, 0.342617
Fronds
0.544102, 0.585117, 0.301602, 0.585117, 0.301602, 0.342617, 0.544102, 0.342617
Billboards
0.590273, 0.337402, 0.302305, 0.337402, 0.302305, 0.242676, 0.590273, 0.242676
0.888125, 0.0961914, 0.600156, 0.0961914, 0.600156, 0.00146484, 0.888125, 0.00146484
0.888125, 0.193848, 0.600156, 0.193848, 0.600156, 0.0991211, 0.888125, 0.0991211
0.888125, 0.291504, 0.600156, 0.291504, 0.600156, 0.196777, 0.888125, 0.196777
0.292422, 0.458008, 0.00445312, 0.458008, 0.00445312, 0.363281, 0.292422, 0.363281
