dead_tree_01_big.spt
Leaves
0.25, 0.5, 0, 0.5, 0, 0, 0.25, 0
Fronds
0.25, 0.5, 0, 0.5, 0, 0, 0.25, 0
Billboards
0.597656, 0.882813, 0.548828, 0.882813, 0.548828, 0.736328, 0.597656, 0.736328
0.854492, 0.585938, 0.805664, 0.585938, 0.805664, 0.439453, 0.854492, 0.439453
0.929688, 0.380859, 0.880859, 0.380859, 0.880859, 0.234375, 0.929688, 0.234375
0.548828, 0.882813, 0.5, 0.882813, 0.5, 0.736328, 0.548828, 0.736328
dead_tree_02_medium.spt
Leaves
0.25, 0.5, 0, 0.5, 0, 0, 0.25, 0
Fronds
0.25, 0.5, 0, 0.5, 0, 0, 0.25, 0
Billboards
0.470703, 0.887695, 0.420898, 0.887695, 0.420898, 0.770508, 0.470703, 0.770508
0.930664, 0.117188, 0.880859, 0.117188, 0.880859, 0, 0.930664, 0
0.663086, 0.755859, 0.613281, 0.755859, 0.613281, 0.638672, 0.663086, 0.638672
0.930664, 0.234375, 0.880859, 0.234375, 0.880859, 0.117188, 0.930664, 0.117188
dead_tree_03_medium.spt
Leaves
0.25, 0.5, 0, 0.5, 0, 0, 0.25, 0
Fronds
0.25, 0.5, 0, 0.5, 0, 0, 0.25, 0
Billboards
0.420898, 0.887695, 0.365234, 0.887695, 0.365234, 0.770508, 0.420898, 0.770508
0.168945, 0.96582, 0.113281, 0.96582, 0.113281, 0.848633, 0.168945, 0.848633
0.224609, 0.96582, 0.168945, 0.96582, 0.168945, 0.848633, 0.224609, 0.848633
0.805664, 0.556641, 0.75, 0.556641, 0.75, 0.439453, 0.805664, 0.439453
dead_tree_04_small.spt
Leaves
0.25, 0.5, 0, 0.5, 0, 0, 0.25, 0
Fronds
0.25, 0.5, 0, 0.5, 0, 0, 0.25, 0
Billboards
0.737305, 0.736328, 0.700195, 0.736328, 0.700195, 0.638672, 0.737305, 0.638672
0.967773, 0.292969, 0.930664, 0.292969, 0.930664, 0.195313, 0.967773, 0.195313
0.917969, 0.478516, 0.880859, 0.478516, 0.880859, 0.380859, 0.917969, 0.380859
0.402344, 0.985352, 0.365234, 0.985352, 0.365234, 0.887695, 0.402344, 0.887695
dead_tree_05_small_bent.spt
Leaves
0.25, 0.5, 0, 0.5, 0, 0, 0.25, 0
Fronds
0.25, 0.5, 0, 0.5, 0, 0, 0.25, 0
Billboards
0.113281, 0.946289, 0.0566406, 0.946289, 0.0566406, 0.848633, 0.113281, 0.848633
0.0566406, 0.946289, 0, 0.946289, 0, 0.848633, 0.0566406, 0.848633
0.613281, 0.736328, 0.556641, 0.736328, 0.556641, 0.638672, 0.613281, 0.638672
0.556641, 0.736328, 0.5, 0.736328, 0.5, 0.638672, 0.556641, 0.638672
dead_tree_06_vbig.spt
Leaves
0.25, 0.5, 0, 0.5, 0, 0, 0.25, 0
Fronds
0.25, 0.5, 0, 0.5, 0, 0, 0.25, 0
Billboards
0.880859, 0.292969, 0.75, 0.292969, 0.75, 0.146484, 0.880859, 0.146484
0.880859, 0.146484, 0.75, 0.146484, 0.75, 0, 0.880859, 0
0.130859, 0.848633, 0, 0.848633, 0, 0.702148, 0.130859, 0.702148
0.630859, 0.638672, 0.5, 0.638672, 0.5, 0.492188, 0.630859, 0.492188
dead_tree_07_vbig.spt
Leaves
0.25, 0.5, 0, 0.5, 0, 0, 0.25, 0
Fronds
0.25, 0.5, 0, 0.5, 0, 0, 0.25, 0
Billboards
0.246094, 0.848633, 0.130859, 0.848633, 0.130859, 0.702148, 0.246094, 0.702148
0.746094, 0.638672, 0.630859, 0.638672, 0.630859, 0.492188, 0.746094, 0.492188
0.865234, 0.439453, 0.75, 0.439453, 0.75, 0.292969, 0.865234, 0.292969
0.365234, 0.916992, 0.25, 0.916992, 0.25, 0.770508, 0.365234, 0.770508
dead_tree_08_small.spt
Leaves
0.25, 0.5, 0, 0.5, 0, 0, 0.25, 0
Fronds
0.25, 0.5, 0, 0.5, 0, 0, 0.25, 0
Billboards
0.700195, 0.736328, 0.663086, 0.736328, 0.663086, 0.638672, 0.700195, 0.638672
0.967773, 0.0976563, 0.930664, 0.0976563, 0.930664, 0, 0.967773, 0
0.787109, 0.654297, 0.75, 0.654297, 0.75, 0.556641, 0.787109, 0.556641
0.967773, 0.195313, 0.930664, 0.195313, 0.930664, 0.0976563, 0.967773, 0.0976563
dead_tree_09_cluster.spt
Leaves
0.25, 0.5, 0, 0.5, 0, 0, 0.25, 0
Fronds
0.25, 0.5, 0, 0.5, 0, 0, 0.25, 0
Billboards
0.25, 0.702148, 0, 0.702148, 0, 0.5, 0.25, 0.5
0.5, 0.606445, 0.25, 0.606445, 0.25, 0.404297, 0.5, 0.404297
0.5, 0.404297, 0.25, 0.404297, 0.25, 0.202148, 0.5, 0.202148
0.5, 0.202148, 0.25, 0.202148, 0.25, 0, 0.5, 0
dead_tree_10_cluster_line.spt
Leaves
0.25, 0.5, 0, 0.5, 0, 0, 0.25, 0
Fronds
0.25, 0.5, 0, 0.5, 0, 0, 0.25, 0
Billboards
0.5, 0.770508, 0.25, 0.770508, 0.25, 0.606445, 0.5, 0.606445
0.75, 0.492188, 0.5, 0.492188, 0.5, 0.328125, 0.75, 0.328125
0.75, 0.328125, 0.5, 0.328125, 0.5, 0.164063, 0.75, 0.164063
0.75, 0.164063, 0.5, 0.164063, 0.5, 0, 0.75, 0
