TreeBigOld_1.spt
Leaves
0.24625, 0.24625, 0.00375, 0.24625, 0.00375, 0.00375, 0.24625, 0.00375
0.24625, 0.24625, 0.00375, 0.24625, 0.00375, 0.00375, 0.24625, 0.00375
Fronds
0.66405, 0.690569, 0.505383, 0.690569, 0.505383, 0.415388, 0.66405, 0.415388
Billboards
0.915605, 0.592954, 0.794355, 0.592954, 0.794355, 0.478335, 0.915605, 0.478335
0.99666, 0.234556, 0.87541, 0.234556, 0.87541, 0.119937, 0.99666, 0.119937
0.790605, 0.691099, 0.669355, 0.691099, 0.669355, 0.576479, 0.790605, 0.576479
0.99666, 0.116392, 0.87541, 0.116392, 0.87541, 0.00177246, 0.99666, 0.00177246
0.915605, 0.47479, 0.794355, 0.47479, 0.794355, 0.360171, 0.915605, 0.360171
0.626055, 0.811216, 0.504805, 0.811216, 0.504805, 0.696597, 0.626055, 0.696597
TreeBigOld_2.spt
Leaves
0.24625, 0.24625, 0.00375, 0.24625, 0.00375, 0.00375, 0.24625, 0.00375
0.24625, 0.24625, 0.00375, 0.24625, 0.00375, 0.00375, 0.24625, 0.00375
Fronds
0.66405, 0.690569, 0.505383, 0.690569, 0.505383, 0.415388, 0.66405, 0.415388
Billboards
0.41707, 0.791838, 0.29582, 0.791838, 0.29582, 0.687165, 0.41707, 0.687165
0.87166, 0.106292, 0.75041, 0.106292, 0.75041, 0.00161865, 0.87166, 0.00161865
0.87166, 0.214202, 0.75041, 0.214202, 0.75041, 0.109529, 0.87166, 0.109529
0.790605, 0.46469, 0.669355, 0.46469, 0.669355, 0.360017, 0.790605, 0.360017
0.123125, 0.883147, 0.001875, 0.883147, 0.001875, 0.778474, 0.123125, 0.778474
0.29207, 0.900237, 0.17082, 0.900237, 0.17082, 0.795564, 0.29207, 0.795564
TreeBigOld_3.spt
Leaves
0.24625, 0.24625, 0.00375, 0.24625, 0.00375, 0.00375, 0.24625, 0.00375
0.24625, 0.24625, 0.00375, 0.24625, 0.00375, 0.00375, 0.24625, 0.00375
Fronds
0.66405, 0.690569, 0.505383, 0.690569, 0.505383, 0.415388, 0.66405, 0.415388
Billboards
0.41707, 0.90023, 0.29582, 0.90023, 0.29582, 0.795083, 0.41707, 0.795083
0.915605, 0.356772, 0.794355, 0.356772, 0.794355, 0.251626, 0.915605, 0.251626
0.790605, 0.573081, 0.669355, 0.573081, 0.669355, 0.467935, 0.790605, 0.467935
0.123125, 0.77523, 0.001875, 0.77523, 0.001875, 0.670083, 0.123125, 0.670083
0.29207, 0.792319, 0.17082, 0.792319, 0.17082, 0.687173, 0.29207, 0.687173
0.790605, 0.356772, 0.669355, 0.356772, 0.669355, 0.251626, 0.790605, 0.251626
TreeBigOld_4.spt
Leaves
0.24625, 0.24625, 0.00375, 0.24625, 0.00375, 0.00375, 0.24625, 0.00375
0.24625, 0.24625, 0.00375, 0.24625, 0.00375, 0.00375, 0.24625, 0.00375
Fronds
0.66405, 0.690569, 0.505383, 0.690569, 0.505383, 0.415388, 0.66405, 0.415388
Billboards
0.751055, 0.817468, 0.629805, 0.817468, 0.629805, 0.696692, 0.751055, 0.696692
0.626055, 0.935632, 0.504805, 0.935632, 0.504805, 0.814856, 0.626055, 0.814856
0.915605, 0.717371, 0.794355, 0.717371, 0.794355, 0.596594, 0.915605, 0.596594
0.751055, 0.94198, 0.629805, 0.94198, 0.629805, 0.821204, 0.751055, 0.821204
0.915605, 0.841882, 0.794355, 0.841882, 0.794355, 0.721106, 0.915605, 0.721106
0.915605, 0.966394, 0.794355, 0.966394, 0.794355, 0.845618, 0.915605, 0.845618
TreeBigOld_5.spt
Leaves
0.24625, 0.24625, 0.00375, 0.24625, 0.00375, 0.00375, 0.24625, 0.00375
0.24625, 0.24625, 0.00375, 0.24625, 0.00375, 0.00375, 0.24625, 0.00375
Fronds
0.66405, 0.690569, 0.505383, 0.690569, 0.505383, 0.415388, 0.66405, 0.415388
Billboards
0.499973, 0.667017, 0.340359, 0.667017, 0.340359, 0.510718, 0.499973, 0.510718
0.746067, 0.158716, 0.586453, 0.158716, 0.586453, 0.00241699, 0.746067, 0.00241699
0.665012, 0.408716, 0.505398, 0.408716, 0.505398, 0.252417, 0.665012, 0.252417
0.331028, 0.68313, 0.171414, 0.68313, 0.171414, 0.526831, 0.331028, 0.526831
0.162083, 0.66604, 0.00246826, 0.66604, 0.00246826, 0.509741, 0.162083, 0.509741
0.499973, 0.505884, 0.340359, 0.505884, 0.340359, 0.349585, 0.499973, 0.349585
TreeBigOld_Cluster_01.spt
Leaves
0.24625, 0.24625, 0.00375, 0.24625, 0.00375, 0.00375, 0.24625, 0.00375
0.24625, 0.24625, 0.00375, 0.24625, 0.00375, 0.00375, 0.24625, 0.00375
Fronds
0.66405, 0.690569, 0.505383, 0.690569, 0.505383, 0.415388, 0.66405, 0.415388
Billboards
0.331509, 0.425789, 0.171421, 0.425789, 0.171421, 0.331536, 0.331509, 0.331536
0.162563, 0.505867, 0.00247559, 0.505867, 0.00247559, 0.411614, 0.162563, 0.411614
0.581509, 0.0957104, 0.421421, 0.0957104, 0.421421, 0.00145752, 0.581509, 0.00145752
0.500454, 0.34571, 0.340366, 0.34571, 0.340366, 0.251458, 0.500454, 0.251458
0.581509, 0.192878, 0.421421, 0.192878, 0.421421, 0.0986255, 0.581509, 0.0986255
0.331509, 0.522957, 0.171421, 0.522957, 0.171421, 0.428704, 0.331509, 0.428704
TreeBigOld_Cluster_02.spt
Leaves
0.24625, 0.24625, 0.00375, 0.24625, 0.00375, 0.00375, 0.24625, 0.00375
0.24625, 0.24625, 0.00375, 0.24625, 0.00375, 0.00375, 0.24625, 0.00375
Fronds
0.66405, 0.690569, 0.505383, 0.690569, 0.505383, 0.415388, 0.66405, 0.415388
Billboards
0.416411, 0.158955, 0.252534, 0.158955, 0.252534, 0.0812793, 0.416411, 0.0812793
0.416411, 0.078877, 0.252534, 0.078877, 0.252534, 0.00120117, 0.416411, 0.00120117
0.166411, 0.328877, 0.00253418, 0.328877, 0.00253418, 0.251201, 0.166411, 0.251201
0.416411, 0.239033, 0.252534, 0.239033, 0.252534, 0.161357, 0.416411, 0.161357
0.335356, 0.328877, 0.171479, 0.328877, 0.171479, 0.251201, 0.335356, 0.251201
0.166411, 0.408955, 0.00253418, 0.408955, 0.00253418, 0.331279, 0.166411, 0.331279
