TreeForest_Dry_Strong_01.spt
Leaves
0.4925, 0.24625, 0.0075, 0.24625, 0.0075, 0.00375, 0.4925, 0.00375
Fronds
0.4925, 0.24625, 0.0075, 0.24625, 0.0075, 0.00375, 0.4925, 0.00375
Billboards
0.99791, 0.731719, 0.925918, 0.731719, 0.925918, 0.68625, 0.99791, 0.68625
0.260605, 0.869902, 0.188613, 0.869902, 0.188613, 0.824434, 0.260605, 0.824434
0.916855, 0.778594, 0.844863, 0.778594, 0.844863, 0.733125, 0.916855, 0.733125
0.0731055, 0.899688, 0.00111328, 0.899688, 0.00111328, 0.854219, 0.0731055, 0.854219
0.823105, 0.815703, 0.751113, 0.815703, 0.751113, 0.770234, 0.823105, 0.770234
0.635605, 0.857695, 0.563613, 0.857695, 0.563613, 0.812227, 0.635605, 0.812227
TreeForest_Dry_Strong_02.spt
Leaves
0.4925, 0.24625, 0.0075, 0.24625, 0.0075, 0.00375, 0.4925, 0.00375
Fronds
0.4925, 0.24625, 0.0075, 0.24625, 0.0075, 0.00375, 0.4925, 0.00375
Billboards
0.925513, 0.684844, 0.844995, 0.684844, 0.844995, 0.639375, 0.925513, 0.639375
0.456763, 0.79373, 0.376245, 0.79373, 0.376245, 0.748262, 0.456763, 0.748262
0.644263, 0.763945, 0.563745, 0.763945, 0.563745, 0.718477, 0.644263, 0.718477
0.550513, 0.781523, 0.469995, 0.781523, 0.469995, 0.736055, 0.550513, 0.736055
0.831763, 0.721953, 0.751245, 0.721953, 0.751245, 0.676484, 0.831763, 0.676484
0.175513, 0.822051, 0.0949951, 0.822051, 0.0949951, 0.776582, 0.175513, 0.776582
TreeForestLeaves_thin_01.spt
Leaves
0.9925, 0.24625, 0.5075, 0.24625, 0.5075, 0.00375, 0.9925, 0.00375
Fronds
0.74625, 0.49625, 0.50375, 0.49625, 0.50375, 0.25375, 0.74625, 0.25375
Billboards
0.361089, 0.812773, 0.282466, 0.812773, 0.282466, 0.767305, 0.361089, 0.767305
0.829839, 0.768828, 0.751216, 0.768828, 0.751216, 0.723359, 0.829839, 0.723359
0.0798389, 0.852813, 0.00121582, 0.852813, 0.00121582, 0.807344, 0.0798389, 0.807344
0.923589, 0.731719, 0.844966, 0.731719, 0.844966, 0.68625, 0.923589, 0.68625
0.736089, 0.761504, 0.657466, 0.761504, 0.657466, 0.716035, 0.736089, 0.716035
0.267339, 0.823027, 0.188716, 0.823027, 0.188716, 0.777559, 0.267339, 0.777559
TreeForestLeaves_thin_02.spt
Leaves
0.9925, 0.24625, 0.5075, 0.24625, 0.5075, 0.00375, 0.9925, 0.00375
Fronds
0.74625, 0.49625, 0.50375, 0.49625, 0.50375, 0.25375, 0.74625, 0.25375
Billboards
0.713701, 0.81082, 0.639814, 0.81082, 0.639814, 0.765352, 0.713701, 0.765352
0.356279, 0.859648, 0.282393, 0.859648, 0.282393, 0.81418, 0.356279, 0.81418
0.168779, 0.868926, 0.0948926, 0.868926, 0.0948926, 0.823457, 0.168779, 0.823457
0.543779, 0.828398, 0.469893, 0.828398, 0.469893, 0.78293, 0.543779, 0.78293
0.450029, 0.840605, 0.376143, 0.840605, 0.376143, 0.795137, 0.450029, 0.795137
0.637529, 0.81082, 0.563643, 0.81082, 0.563643, 0.765352, 0.637529, 0.765352
TreeForestLeaves_thin_03.spt
Leaves
0.9925, 0.24625, 0.5075, 0.24625, 0.5075, 0.00375, 0.9925, 0.00375
Fronds
0.74625, 0.49625, 0.50375, 0.49625, 0.50375, 0.25375, 0.74625, 0.25375
Billboards
0.986558, 0.530547, 0.938247, 0.530547, 0.938247, 0.485078, 0.986558, 0.485078
0.986558, 0.483672, 0.938247, 0.483672, 0.938247, 0.438203, 0.986558, 0.438203
0.986558, 0.436797, 0.938247, 0.436797, 0.938247, 0.391328, 0.986558, 0.391328
0.986558, 0.389922, 0.938247, 0.389922, 0.938247, 0.344453, 0.986558, 0.344453
0.986558, 0.343047, 0.938247, 0.343047, 0.938247, 0.297578, 0.986558, 0.297578
0.986558, 0.296172, 0.938247, 0.296172, 0.938247, 0.250703, 0.986558, 0.250703
TreeForestLeaves_thin_Cluster_01.spt
Leaves
0.4925, 0.24625, 0.0075, 0.24625, 0.0075, 0.00375, 0.4925, 0.00375
0.4925, 0.24625, 0.0075, 0.24625, 0.0075, 0.00375, 0.4925, 0.00375
Fronds
0.4925, 0.24625, 0.0075, 0.24625, 0.0075, 0.00375, 0.4925, 0.00375
Billboards
0.279844, 0.624102, 0.188906, 0.624102, 0.188906, 0.597578, 0.279844, 0.597578
0.936094, 0.48543, 0.845156, 0.48543, 0.845156, 0.458906, 0.936094, 0.458906
0.842344, 0.522539, 0.751406, 0.522539, 0.751406, 0.496016, 0.842344, 0.496016
0.467344, 0.618242, 0.376406, 0.618242, 0.376406, 0.591719, 0.467344, 0.591719
0.748594, 0.552324, 0.657656, 0.552324, 0.657656, 0.525801, 0.748594, 0.525801
0.0923437, 0.643145, 0.00140625, 0.643145, 0.00140625, 0.616621, 0.0923437, 0.616621
TreeForestLeaves_thin_Cluster_02.spt
Leaves
0.4925, 0.24625, 0.0075, 0.24625, 0.0075, 0.00375, 0.4925, 0.00375
0.4925, 0.24625, 0.0075, 0.24625, 0.0075, 0.00375, 0.4925, 0.00375
Fronds
0.4925, 0.24625, 0.0075, 0.24625, 0.0075, 0.00375, 0.4925, 0.00375
Billboards
0.748594, 0.52501, 0.657656, 0.52501, 0.657656, 0.500381, 0.748594, 0.500381
0.467344, 0.590928, 0.376406, 0.590928, 0.376406, 0.566299, 0.467344, 0.566299
0.0923437, 0.61583, 0.00140625, 0.61583, 0.00140625, 0.591201, 0.0923437, 0.591201
0.936094, 0.431748, 0.845156, 0.431748, 0.845156, 0.407119, 0.936094, 0.407119
0.561094, 0.55626, 0.470156, 0.55626, 0.470156, 0.531631, 0.561094, 0.531631
0.373594, 0.58751, 0.282656, 0.58751, 0.282656, 0.562881, 0.373594, 0.562881
TreeForestLeaves_thin_dry_01.spt
Leaves
0.4925, 0.24625, 0.0075, 0.24625, 0.0075, 0.00375, 0.4925, 0.00375
0.4925, 0.24625, 0.0075, 0.24625, 0.0075, 0.00375, 0.4925, 0.00375
Fronds
0.4925, 0.24625, 0.0075, 0.24625, 0.0075, 0.00375, 0.4925, 0.00375
Billboards
0.936094, 0.280781, 0.845156, 0.280781, 0.845156, 0.250469, 0.936094, 0.250469
0.842344, 0.343281, 0.751406, 0.343281, 0.751406, 0.312969, 0.842344, 0.312969
0.936094, 0.312031, 0.845156, 0.312031, 0.845156, 0.281719, 0.936094, 0.281719
0.279844, 0.530781, 0.188906, 0.530781, 0.188906, 0.500469, 0.279844, 0.500469
0.842344, 0.374531, 0.751406, 0.374531, 0.751406, 0.344219, 0.842344, 0.344219
0.373594, 0.530781, 0.282656, 0.530781, 0.282656, 0.500469, 0.373594, 0.500469
TreeForestLeaves_thin_dry_02.spt
Leaves
0.4925, 0.24625, 0.0075, 0.24625, 0.0075, 0.00375, 0.4925, 0.00375
0.4925, 0.24625, 0.0075, 0.24625, 0.0075, 0.00375, 0.4925, 0.00375
Fronds
0.4925, 0.24625, 0.0075, 0.24625, 0.0075, 0.00375, 0.4925, 0.00375
Billboards
0.936094, 0.406218, 0.845156, 0.406218, 0.845156, 0.37259, 0.936094, 0.37259
0.842344, 0.468718, 0.751406, 0.468718, 0.751406, 0.43509, 0.842344, 0.43509
0.654844, 0.534148, 0.563906, 0.534148, 0.563906, 0.50052, 0.654844, 0.50052
0.279844, 0.596648, 0.188906, 0.596648, 0.188906, 0.56302, 0.279844, 0.56302
0.186094, 0.596648, 0.0951563, 0.596648, 0.0951563, 0.56302, 0.186094, 0.56302
0.467344, 0.565398, 0.376406, 0.565398, 0.376406, 0.53177, 0.467344, 0.53177
TreeForestLeaves_thin_dry_03.spt
Leaves
0.4925, 0.24625, 0.0075, 0.24625, 0.0075, 0.00375, 0.4925, 0.00375
0.4925, 0.24625, 0.0075, 0.24625, 0.0075, 0.00375, 0.4925, 0.00375
Fronds
0.4925, 0.24625, 0.0075, 0.24625, 0.0075, 0.00375, 0.4925, 0.00375
Billboards
0.176475, 0.775176, 0.0950098, 0.775176, 0.0950098, 0.729707, 0.176475, 0.729707
0.832725, 0.675078, 0.75126, 0.675078, 0.75126, 0.629609, 0.832725, 0.629609
0.363975, 0.765898, 0.28251, 0.765898, 0.28251, 0.72043, 0.363975, 0.72043
0.270225, 0.776152, 0.18876, 0.776152, 0.18876, 0.730684, 0.270225, 0.730684
0.738975, 0.714629, 0.65751, 0.714629, 0.65751, 0.66916, 0.738975, 0.66916
0.0827246, 0.805938, 0.00125977, 0.805938, 0.00125977, 0.760469, 0.0827246, 0.760469
TreeForestLeaves_thin_dry_04.spt
Leaves
0.4925, 0.24625, 0.0075, 0.24625, 0.0075, 0.00375, 0.4925, 0.00375
0.4925, 0.24625, 0.0075, 0.24625, 0.0075, 0.00375, 0.4925, 0.00375
Fronds
0.4925, 0.24625, 0.0075, 0.24625, 0.0075, 0.00375, 0.4925, 0.00375
Billboards
0.467344, 0.659053, 0.376406, 0.659053, 0.376406, 0.619268, 0.467344, 0.619268
0.654844, 0.629268, 0.563906, 0.629268, 0.563906, 0.589482, 0.654844, 0.589482
0.186094, 0.691768, 0.0951563, 0.691768, 0.0951563, 0.651982, 0.186094, 0.651982
0.561094, 0.65124, 0.470156, 0.65124, 0.470156, 0.611455, 0.561094, 0.611455
0.373594, 0.68249, 0.282656, 0.68249, 0.282656, 0.642705, 0.373594, 0.642705
0.279844, 0.692744, 0.188906, 0.692744, 0.188906, 0.652959, 0.279844, 0.652959
TreeForestLeaves_thin_dry_05.spt
Leaves
0.4925, 0.24625, 0.0075, 0.24625, 0.0075, 0.00375, 0.4925, 0.00375
0.4925, 0.24625, 0.0075, 0.24625, 0.0075, 0.00375, 0.4925, 0.00375
Fronds
0.4925, 0.24625, 0.0075, 0.24625, 0.0075, 0.00375, 0.4925, 0.00375
Billboards
0.561094, 0.687927, 0.470156, 0.687927, 0.470156, 0.652405, 0.561094, 0.652405
0.186094, 0.728455, 0.0951563, 0.728455, 0.0951563, 0.692932, 0.186094, 0.692932
0.936094, 0.591248, 0.845156, 0.591248, 0.845156, 0.555725, 0.936094, 0.555725
0.373594, 0.719177, 0.282656, 0.719177, 0.282656, 0.683655, 0.373594, 0.683655
0.279844, 0.729431, 0.188906, 0.729431, 0.188906, 0.693909, 0.279844, 0.693909
0.842344, 0.628357, 0.751406, 0.628357, 0.751406, 0.592834, 0.842344, 0.592834
TreeForestLeaves_thin_dry_Cluster_01.spt
Leaves
0.4925, 0.24625, 0.0075, 0.24625, 0.0075, 0.00375, 0.4925, 0.00375
0.4925, 0.24625, 0.0075, 0.24625, 0.0075, 0.00375, 0.4925, 0.00375
Fronds
0.4925, 0.24625, 0.0075, 0.24625, 0.0075, 0.00375, 0.4925, 0.00375
Billboards
0.186094, 0.62314, 0.0951563, 0.62314, 0.0951563, 0.597564, 0.186094, 0.597564
0.842344, 0.49521, 0.751406, 0.49521, 0.751406, 0.469634, 0.842344, 0.469634
0.936094, 0.458101, 0.845156, 0.458101, 0.845156, 0.432524, 0.936094, 0.432524
0.561094, 0.582612, 0.470156, 0.582612, 0.470156, 0.557036, 0.561094, 0.557036
0.654844, 0.56064, 0.563906, 0.56064, 0.563906, 0.535064, 0.654844, 0.535064
0.373594, 0.613862, 0.282656, 0.613862, 0.282656, 0.588286, 0.373594, 0.588286
TreeForestLeaves_thin_dry_Cluster_02.spt
Leaves
0.4925, 0.24625, 0.0075, 0.24625, 0.0075, 0.00375, 0.4925, 0.00375
0.4925, 0.24625, 0.0075, 0.24625, 0.0075, 0.00375, 0.4925, 0.00375
Fronds
0.4925, 0.24625, 0.0075, 0.24625, 0.0075, 0.00375, 0.4925, 0.00375
Billboards
0.936094, 0.371602, 0.845156, 0.371602, 0.845156, 0.341289, 0.936094, 0.341289
0.279844, 0.562031, 0.188906, 0.562031, 0.188906, 0.531719, 0.279844, 0.531719
0.467344, 0.530781, 0.376406, 0.530781, 0.376406, 0.500469, 0.467344, 0.500469
0.186094, 0.562031, 0.0951563, 0.562031, 0.0951563, 0.531719, 0.186094, 0.531719
0.842344, 0.280781, 0.751406, 0.280781, 0.751406, 0.250469, 0.842344, 0.250469
0.842344, 0.312031, 0.751406, 0.312031, 0.751406, 0.281719, 0.842344, 0.281719
TreeForestLeaves_thin_dry_leaves_05.spt
Leaves
0.4925, 0.49625, 0.0075, 0.49625, 0.0075, 0.25375, 0.4925, 0.25375
Fronds
0.74625, 0.49625, 0.50375, 0.49625, 0.50375, 0.25375, 0.74625, 0.25375
Billboards
0.650996, 0.71707, 0.563848, 0.71707, 0.563848, 0.671602, 0.650996, 0.671602
0.557246, 0.734648, 0.470098, 0.734648, 0.470098, 0.68918, 0.557246, 0.68918
0.932246, 0.637969, 0.845098, 0.637969, 0.845098, 0.5925, 0.932246, 0.5925
0.463496, 0.746855, 0.376348, 0.746855, 0.376348, 0.701387, 0.463496, 0.701387
0.0884961, 0.759063, 0.00134766, 0.759063, 0.00134766, 0.713594, 0.0884961, 0.713594
0.744746, 0.667754, 0.657598, 0.667754, 0.657598, 0.622285, 0.744746, 0.622285
TreeForest_bush.spt
Leaves
0.4925, 0.49625, 0.0075, 0.49625, 0.0075, 0.25375, 0.4925, 0.25375
Fronds
0.74625, 0.49625, 0.50375, 0.49625, 0.50375, 0.25375, 0.74625, 0.25375
Billboards
0.373594, 0.562031, 0.282656, 0.562031, 0.282656, 0.531719, 0.373594, 0.531719
0.842344, 0.434102, 0.751406, 0.434102, 0.751406, 0.403789, 0.842344, 0.403789
0.561094, 0.530781, 0.470156, 0.530781, 0.470156, 0.500469, 0.561094, 0.500469
0.0923437, 0.590352, 0.00140625, 0.590352, 0.00140625, 0.560039, 0.0923437, 0.560039
0.0923437, 0.530781, 0.00140625, 0.530781, 0.00140625, 0.500469, 0.0923437, 0.500469
0.186094, 0.530781, 0.0951563, 0.530781, 0.0951563, 0.500469, 0.186094, 0.500469
TreeForest_bush_dry.spt
Leaves
0.4925, 0.24625, 0.0075, 0.24625, 0.0075, 0.00375, 0.4925, 0.00375
0.4925, 0.24625, 0.0075, 0.24625, 0.0075, 0.00375, 0.4925, 0.00375
Fronds
0.4925, 0.24625, 0.0075, 0.24625, 0.0075, 0.00375, 0.4925, 0.00375
Billboards
0.936094, 0.340396, 0.845156, 0.340396, 0.845156, 0.312925, 0.936094, 0.312925
0.842344, 0.402896, 0.751406, 0.402896, 0.751406, 0.375425, 0.842344, 0.375425
0.0923437, 0.559146, 0.00140625, 0.559146, 0.00140625, 0.531675, 0.0923437, 0.531675
0.0923437, 0.67145, 0.00140625, 0.67145, 0.00140625, 0.643979, 0.0923437, 0.643979
0.842344, 0.550845, 0.751406, 0.550845, 0.751406, 0.523374, 0.842344, 0.523374
0.936094, 0.513735, 0.845156, 0.513735, 0.845156, 0.486265, 0.936094, 0.486265
TreeForestLeaves_thin_dry_small_Cluster_01.spt
Leaves
0.4925, 0.24625, 0.0075, 0.24625, 0.0075, 0.00375, 0.4925, 0.00375
0.4925, 0.24625, 0.0075, 0.24625, 0.0075, 0.00375, 0.4925, 0.00375
Fronds
0.4925, 0.24625, 0.0075, 0.24625, 0.0075, 0.00375, 0.4925, 0.00375
Billboards
0.186094, 0.65095, 0.0951563, 0.65095, 0.0951563, 0.623953, 0.186094, 0.623953
0.654844, 0.58845, 0.563906, 0.58845, 0.563906, 0.561453, 0.654844, 0.561453
0.561094, 0.610422, 0.470156, 0.610422, 0.470156, 0.583425, 0.561094, 0.583425
0.748594, 0.580149, 0.657656, 0.580149, 0.657656, 0.553152, 0.748594, 0.553152
0.279844, 0.651926, 0.188906, 0.651926, 0.188906, 0.624929, 0.279844, 0.624929
0.373594, 0.641672, 0.282656, 0.641672, 0.282656, 0.614675, 0.373594, 0.614675
TreeForestLeaves_thin_dry_small_Cluster_02.spt
Leaves
0.4925, 0.24625, 0.0075, 0.24625, 0.0075, 0.00375, 0.4925, 0.00375
0.4925, 0.24625, 0.0075, 0.24625, 0.0075, 0.00375, 0.4925, 0.00375
Fronds
0.4925, 0.24625, 0.0075, 0.24625, 0.0075, 0.00375, 0.4925, 0.00375
Billboards
0.936094, 0.554561, 0.845156, 0.554561, 0.845156, 0.514775, 0.936094, 0.514775
0.842344, 0.59167, 0.751406, 0.59167, 0.751406, 0.551885, 0.842344, 0.551885
0.748594, 0.620967, 0.657656, 0.620967, 0.657656, 0.581182, 0.748594, 0.581182
0.0923437, 0.712275, 0.00140625, 0.712275, 0.00140625, 0.67249, 0.0923437, 0.67249
0.467344, 0.700068, 0.376406, 0.700068, 0.376406, 0.660283, 0.467344, 0.660283
0.654844, 0.670283, 0.563906, 0.670283, 0.563906, 0.630498, 0.654844, 0.630498
